0.00000000,0.97665330
0.00033400,0.95895260
0.00066800,0.97665330
0.00100200,0.95895260
0.00133600,0.95895260
0.00167000,0.95895260
0.00200400,0.97665330
0.00233800,0.95895260
0.00267200,0.97665330
0.00300600,0.97665330
0.00334000,0.95895260
0.00367400,0.97665330
0.00400800,0.95895260
0.00434200,0.95895260
0.00467600,0.97665330
0.00501000,0.97665330
0.00534400,0.97665330
0.00567800,0.97665330
0.00601200,0.97665330
0.00634600,0.95895260
0.00668000,0.95895260
0.00701400,0.97665330
0.00734800,0.95895260
0.00768200,0.95895260
0.00801600,0.95895260
0.00835000,0.95895260
0.00868400,0.95895260
0.00901800,0.95895260
0.00935200,0.97665330
0.00968600,0.95895260
0.01002000,0.95895260
0.01035400,0.95895260
0.01068800,0.95895260
0.01102200,0.95895260
0.01135600,0.95895260
0.01169000,0.95895260
0.01202400,0.95895260
0.01235800,0.95895260
0.01269200,0.95895260
0.01302600,0.95895260
0.01336000,0.95895260
0.01369400,0.95895260
0.01402800,0.95895260
0.01436200,0.94125190
0.01469600,0.95895260
0.01503000,0.95895260
0.01536400,0.94125190
0.01569800,0.95895260
0.01603200,0.95895260
0.01636600,0.95895260
0.01670000,0.95895260
0.01703400,0.95895260
0.01736800,0.95895260
0.01770200,0.94125190
0.01803600,0.95895260
0.01837000,0.95895260
0.01870400,0.95895260
0.01903800,0.95895260
0.01937200,0.95895260
0.01970600,0.95895260
0.02004000,0.95895260
0.02037400,0.94125190
0.02070800,0.94125190
0.02104200,0.94125190
0.02137600,0.94125190
0.02171000,0.94125190
0.02204400,0.94125190
0.02237800,0.94125190
0.02271200,0.94125190
0.02304600,0.94125190
0.02338000,0.94125190
0.02371400,0.94125190
0.02404800,0.95895260
0.02438200,0.94125190
0.02471600,0.94125190
0.02505000,0.94125190
0.02538400,0.94125190
0.02571800,0.94125190
0.02605200,0.94125190
0.02638600,0.94125190
0.02672000,0.94125190
0.02705400,0.92355110
0.02738800,0.94125190
0.02772200,0.94125190
0.02805600,0.94125190
0.02839000,0.94125190
0.02872400,0.92355110
0.02905800,0.94125190
0.02939200,0.92355110
0.02972600,0.94125190
0.03006000,0.92355110
0.03039400,0.92355110
0.03072800,0.92355110
0.03106200,0.92355110
0.03139600,0.94125190
0.03173000,0.92355110
0.03206400,0.92355110
0.03239800,0.94125190
0.03273200,0.92355110
0.03306600,0.90585040
0.03340000,0.92355110
0.03373400,0.90585040
0.03406800,0.92355110
0.03440200,0.92355110
0.03473600,0.90585040
0.03507000,0.92355110
0.03540400,0.92355110
0.03573800,0.90585040
0.03607200,0.92355110
0.03640600,0.92355110
0.03674000,0.90585040
0.03707400,0.90585040
0.03740800,0.90585040
0.03774200,0.90585040
0.03807600,0.90585040
0.03841000,0.90585040
0.03874400,0.90585040
0.03907800,0.90585040
0.03941200,0.90585040
0.03974600,0.90585040
0.04008000,0.90585040
0.04041400,0.88814970
0.04074800,0.90585040
0.04108200,0.90585040
0.04141600,0.90585040
0.04175000,0.88814970
0.04208400,0.90585040
0.04241800,0.90585040
0.04275200,0.90585040
0.04308600,0.90585040
0.04342000,0.90585040
0.04375400,0.88814970
0.04408800,0.88814970
0.04442200,0.88814970
0.04475600,0.88814970
0.04509000,0.88814970
0.04542400,0.88814970
0.04575800,0.88814970
0.04609200,0.88814970
0.04642600,0.88814970
0.04676000,0.88814970
0.04709400,0.88814970
0.04742800,0.88814970
0.04776200,0.88814970
0.04809600,0.88814970
0.04843000,0.88814970
0.04876400,0.88814970
0.04909800,0.88814970
0.04943200,0.88814970
0.04976600,0.88814970
0.05010000,0.88814970
0.05043400,0.87044890
0.05076800,0.88814970
0.05110200,0.87044890
0.05143600,0.88814970
0.05177000,0.88814970
0.05210400,0.88814970
0.05243800,0.88814970
0.05277200,0.87044890
0.05310600,0.87044890
0.05344000,0.87044890
0.05377400,0.87044890
0.05410800,0.87044890
0.05444200,0.87044890
0.05477600,0.87044890
0.05511000,0.87044890
0.05544400,0.87044890
0.05577800,0.87044890
0.05611200,0.87044890
0.05644600,0.87044890
0.05678000,0.87044890
0.05711400,0.87044890
0.05744800,0.85274820
0.05778200,0.87044890
0.05811600,0.85274820
0.05845000,0.85274820
0.05878400,0.85274820
0.05911800,0.83504750
0.05945200,0.85274820
0.05978600,0.85274820
0.06012000,0.85274820
0.06045400,0.85274820
0.06078800,0.83504750
0.06112200,0.83504750
0.06145600,0.83504750
0.06179000,0.85274820
0.06212400,0.85274820
0.06245800,0.83504750
0.06279200,0.85274820
0.06312600,0.83504750
0.06346000,0.83504750
0.06379400,0.83504750
0.06412800,0.83504750
0.06446200,0.83504750
0.06479600,0.83504750
0.06513000,0.83504750
0.06546400,0.83504750
0.06579800,0.83504750
0.06613200,0.83504750
0.06646600,0.83504750
0.06680000,0.83504750
0.06713400,0.83504750
0.06746800,0.83504750
0.06780200,0.83504750
0.06813600,0.83504750
0.06847000,0.81734670
0.06880400,0.81734670
0.06913800,0.81734670
0.06947200,0.83504750
0.06980600,0.83504750
0.07014000,0.81734670
0.07047400,0.81734670
0.07080800,0.81734670
0.07114200,0.81734670
0.07147600,0.81734670
0.07181000,0.81734670
0.07214400,0.81734670
0.07247800,0.81734670
0.07281200,0.81734670
0.07314600,0.79964600
0.07348000,0.79964600
0.07381400,0.79964600
0.07414800,0.81734670
0.07448200,0.81734670
0.07481600,0.81734670
0.07515000,0.81734670
0.07548400,0.79964600
0.07581800,0.79964600
0.07615200,0.79964600
0.07648600,0.79964600
0.07682000,0.79964600
0.07715400,0.79964600
0.07748800,0.79964600
0.07782200,0.78194520
0.07815600,0.79964600
0.07849000,0.79964600
0.07882400,0.79964600
0.07915800,0.79964600
0.07949200,0.79964600
0.07982600,0.78194520
0.08016000,0.78194520
0.08049400,0.78194520
0.08082800,0.78194520
0.08116200,0.78194520
0.08149600,0.78194520
0.08183000,0.78194520
0.08216400,0.76424450
0.08249800,0.78194520
0.08283200,0.76424450
0.08316600,0.78194520
0.08350000,0.78194520
0.08383400,0.76424450
0.08416800,0.76424450
0.08450200,0.76424450
0.08483600,0.76424450
0.08517000,0.76424450
0.08550400,0.76424450
0.08583800,0.76424450
0.08617200,0.76424450
0.08650600,0.76424450
0.08684000,0.76424450
0.08717400,0.76424450
0.08750800,0.76424450
0.08784200,0.76424450
0.08817600,0.74654380
0.08851000,0.76424450
0.08884400,0.76424450
0.08917800,0.74654380
0.08951200,0.74654380
0.08984600,0.74654380
0.09018000,0.74654380
0.09051400,0.74654380
0.09084800,0.74654380
0.09118200,0.74654380
0.09151600,0.74654380
0.09185000,0.74654380
0.09218400,0.72884300
0.09251800,0.72884300
0.09285200,0.74654380
0.09318600,0.72884300
0.09352000,0.74654380
0.09385400,0.74654380
0.09418800,0.72884300
0.09452200,0.72884300
0.09485600,0.72884300
0.09519000,0.72884300
0.09552400,0.72884300
0.09585800,0.72884300
0.09619200,0.72884300
0.09652600,0.72884300
0.09686000,0.72884300
0.09719400,0.72884300
0.09752800,0.72884300
0.09786200,0.71114230
0.09819600,0.71114230
0.09853000,0.71114230
0.09886400,0.71114230
0.09919800,0.71114230
0.09953200,0.71114230
0.09986600,0.71114230
0.10020000,0.71114230
0.10053400,0.71114230
0.10086800,0.69344160
0.10120200,0.71114230
0.10153600,0.69344160
0.10187000,0.69344160
0.10220400,0.71114230
0.10253800,0.69344160
0.10287200,0.69344160
0.10320600,0.69344160
0.10354000,0.69344160
0.10387400,0.69344160
0.10420800,0.69344160
0.10454200,0.69344160
0.10487600,0.69344160
0.10521000,0.69344160
0.10554400,0.69344160
0.10587800,0.67574080
0.10621200,0.69344160
0.10654600,0.69344160
0.10688000,0.67574080
0.10721400,0.67574080
0.10754800,0.67574080
0.10788200,0.67574080
0.10821600,0.67574080
0.10855000,0.67574080
0.10888400,0.67574080
0.10921800,0.67574080
0.10955200,0.67574080
0.10988600,0.67574080
0.11022000,0.67574080
0.11055400,0.65804010
0.11088800,0.65804010
0.11122200,0.67574080
0.11155600,0.67574080
0.11189000,0.65804010
0.11222400,0.65804010
0.11255800,0.65804010
0.11289200,0.65804010
0.11322600,0.65804010
0.11356000,0.65804010
0.11389400,0.64033940
0.11422800,0.65804010
0.11456200,0.65804010
0.11489600,0.64033940
0.11523000,0.64033940
0.11556400,0.64033940
0.11589800,0.64033940
0.11623200,0.64033940
0.11656600,0.64033940
0.11690000,0.64033940
0.11723400,0.62263860
0.11756800,0.62263860
0.11790200,0.62263860
0.11823600,0.64033940
0.11857000,0.64033940
0.11890400,0.62263860
0.11923800,0.62263860
0.11957200,0.62263860
0.11990600,0.62263860
0.12024000,0.62263860
0.12057400,0.62263860
0.12090800,0.62263860
0.12124200,0.60493790
0.12157600,0.60493790
0.12191000,0.62263860
0.12224400,0.60493790
0.12257800,0.60493790
0.12291200,0.60493790
0.12324600,0.60493790
0.12358000,0.60493790
0.12391400,0.60493790
0.12424800,0.60493790
0.12458200,0.60493790
0.12491600,0.60493790
0.12525000,0.60493790
0.12558400,0.58723720
0.12591800,0.58723720
0.12625200,0.58723720
0.12658600,0.60493790
0.12692000,0.58723720
0.12725400,0.58723720
0.12758800,0.58723720
0.12792200,0.58723720
0.12825600,0.56953640
0.12859000,0.58723720
0.12892400,0.56953640
0.12925800,0.58723720
0.12959200,0.56953640
0.12992600,0.56953640
0.13026000,0.56953640
0.13059400,0.55183570
0.13092800,0.55183570
0.13126200,0.55183570
0.13159600,0.55183570
0.13193000,0.55183570
0.13226400,0.55183570
0.13259800,0.55183570
0.13293200,0.55183570
0.13326600,0.55183570
0.13360000,0.55183570
0.13393400,0.55183570
0.13426800,0.55183570
0.13460200,0.55183570
0.13493600,0.55183570
0.13527000,0.55183570
0.13560400,0.55183570
0.13593800,0.55183570
0.13627200,0.53413490
0.13660600,0.53413490
0.13694000,0.53413490
0.13727400,0.53413490
0.13760800,0.53413490
0.13794200,0.53413490
0.13827600,0.53413490
0.13861000,0.53413490
0.13894400,0.53413490
0.13927800,0.51643420
0.13961200,0.51643420
0.13994600,0.53413490
0.14028000,0.53413490
0.14061400,0.49879450
0.14094800,0.51643420
0.14128200,0.51643420
0.14161600,0.51643420
0.14195000,0.51643420
0.14228400,0.49879450
0.14261800,0.51643420
0.14295200,0.49879450
0.14328600,0.51643420
0.14362000,0.49879450
0.14395400,0.49879450
0.14428800,0.49879450
0.14462200,0.51643420
0.14495600,0.49879450
0.14529000,0.49879450
0.14562400,0.48109380
0.14595800,0.48109380
0.14629200,0.49879450
0.14662600,0.48109380
0.14696000,0.48109380
0.14729400,0.48109380
0.14762800,0.48109380
0.14796200,0.48109380
0.14829600,0.46339300
0.14863000,0.48109380
0.14896400,0.48109380
0.14929801,0.48109380
0.14963201,0.46339300
0.14996601,0.46339300
0.15030001,0.46339300
0.15063401,0.46339300
0.15096801,0.46339300
0.15130201,0.46339300
0.15163601,0.46339300
0.15197001,0.46339300
0.15230401,0.44569230
0.15263801,0.46339300
0.15297201,0.44569230
0.15330601,0.46339300
0.15364001,0.46339300
0.15397401,0.44569230
0.15430801,0.44569230
0.15464201,0.44569230
0.15497601,0.44569230
0.15531001,0.44569230
0.15564401,0.44569230
0.15597801,0.42799160
0.15631201,0.44569230
0.15664601,0.42799160
0.15698001,0.42799160
0.15731401,0.42799160
0.15764801,0.42799160
0.15798201,0.41029080
0.15831601,0.42799160
0.15865001,0.42799160
0.15898401,0.42799160
0.15931801,0.41029080
0.15965201,0.41029080
0.15998601,0.41029080
0.16032001,0.41029080
0.16065401,0.41029080
0.16098801,0.41029080
0.16132201,0.41029080
0.16165601,0.41029080
0.16199001,0.41029080
0.16232401,0.41029080
0.16265801,0.39259010
0.16299201,0.39259010
0.16332601,0.39259010
0.16366001,0.39259010
0.16399401,0.39259010
0.16432801,0.39259010
0.16466201,0.39259010
0.16499601,0.39259010
0.16533001,0.39259010
0.16566401,0.39259010
0.16599801,0.37488940
0.16633201,0.37488940
0.16666601,0.37488940
0.16700001,0.37488940
0.16733401,0.37488940
0.16766801,0.37488940
0.16800201,0.37488940
0.16833601,0.37488940
0.16867001,0.37488940
0.16900401,0.35718860
0.16933801,0.37488940
0.16967201,0.35718860
0.17000601,0.37488940
0.17034001,0.33948790
0.17067401,0.35718860
0.17100801,0.33948790
0.17134201,0.35718860
0.17167601,0.33948790
0.17201001,0.33948790
0.17234401,0.33948790
0.17267801,0.33948790
0.17301201,0.33948790
0.17334601,0.32178720
0.17368001,0.33948790
0.17401401,0.33948790
0.17434801,0.33948790
0.17468201,0.32178720
0.17501601,0.32178720
0.17535001,0.32178720
0.17568401,0.32178720
0.17601801,0.32178720
0.17635201,0.32178720
0.17668601,0.32178720
0.17702001,0.32178720
0.17735401,0.32178720
0.17768801,0.32178720
0.17802201,0.32178720
0.17835601,0.30408640
0.17869001,0.30408640
0.17902401,0.30408640
0.17935801,0.30408640
0.17969201,0.30408640
0.18002601,0.28638570
0.18036001,0.28638570
0.18069401,0.30408640
0.18102801,0.30408640
0.18136201,0.28638570
0.18169601,0.28638570
0.18203001,0.28638570
0.18236401,0.26868500
0.18269801,0.26868500
0.18303201,0.26868500
0.18336601,0.26868500
0.18370001,0.26868500
0.18403401,0.26868500
0.18436801,0.26868500
0.18470201,0.26868500
0.18503601,0.26868500
0.18537001,0.26868500
0.18570401,0.26868500
0.18603801,0.26868500
0.18637201,0.25098420
0.18670601,0.25098420
0.18704001,0.26868500
0.18737401,0.26868500
0.18770801,0.25098420
0.18804201,0.25098420
0.18837601,0.25098420
0.18871001,0.25098420
0.18904401,0.25098420
0.18937801,0.23328350
0.18971201,0.23328350
0.19004601,0.23328350
0.19038001,0.23328350
0.19071401,0.23328350
0.19104801,0.23328350
0.19138201,0.23328350
0.19171601,0.23328350
0.19205001,0.23328350
0.19238401,0.23328350
0.19271801,0.23328350
0.19305201,0.21558280
0.19338601,0.21558280
0.19372001,0.23328350
0.19405401,0.19788200
0.19438801,0.21558280
0.19472201,0.19788200
0.19505601,0.19788200
0.19539001,0.19788200
0.19572401,0.19788200
0.19605801,0.19788200
0.19639201,0.19788200
0.19672601,0.19788200
0.19706001,0.18018130
0.19739401,0.19788200
0.19772801,0.19788200
0.19806201,0.18018130
0.19839601,0.18018130
0.19873001,0.18018130
0.19906401,0.18018130
0.19939801,0.18018130
0.19973201,0.18018130
0.20006601,0.18018130
0.20040001,0.18018130
0.20073401,0.18018130
0.20106801,0.18018130
0.20140201,0.18018130
0.20173601,0.18018130
0.20207001,0.18018130
0.20240401,0.16248050
0.20273801,0.16248050
0.20307201,0.16248050
0.20340601,0.14477980
0.20374001,0.16248050
0.20407401,0.14477980
0.20440801,0.16248050
0.20474201,0.16248050
0.20507601,0.14477980
0.20541001,0.14477980
0.20574401,0.14477980
0.20607801,0.16248050
0.20641201,0.14477980
0.20674601,0.14477980
0.20708001,0.14477980
0.20741401,0.14477980
0.20774801,0.12707910
0.20808201,0.12707910
0.20841601,0.12707910
0.20875001,0.12707910
0.20908401,0.12707910
0.20941801,0.12707910
0.20975201,0.10937830
0.21008601,0.12707910
0.21042001,0.10937830
0.21075401,0.10937830
0.21108801,0.10937830
0.21142201,0.10937830
0.21175601,0.10937830
0.21209001,0.10937830
0.21242401,0.10937830
0.21275801,0.10937830
0.21309201,0.10937830
0.21342601,0.09167761
0.21376001,0.09167761
0.21409401,0.09167761
0.21442801,0.09167761
0.21476201,0.09167761
0.21509601,0.09167761
0.21543001,0.09167761
0.21576401,0.09167761
0.21609801,0.07397687
0.21643201,0.07397687
0.21676601,0.07397687
0.21710001,0.07397687
0.21743401,0.07397687
0.21776801,0.07397687
0.21810201,0.07397687
0.21843601,0.05627613
0.21877001,0.05627613
0.21910401,0.05627613
0.21943801,0.05627613
0.21977201,0.05627613
0.22010601,0.05627613
0.22044001,0.05627613
0.22077401,0.03857540
0.22110801,0.05627613
0.22144201,0.05627613
0.22177601,0.03857540
0.22211001,0.05627613
0.22244401,0.03857540
0.22277801,0.03857540
0.22311201,0.03857540
0.22344601,0.03857540
0.22378001,0.02087466
0.22411401,0.02087466
0.22444801,0.03857540
0.22478201,0.02087466
0.22511601,0.03857540
0.22545001,0.02087466
0.22578401,0.02087466
0.22611801,0.00317393
0.22645201,0.02087466
0.22678601,0.02087466
0.22712001,0.00317393
0.22745401,0.00317393
0.22778801,0.00317393
0.22812201,0.00317393
0.22845601,-0.01452681
0.22879001,0.00317393
0.22912401,-0.01452681
0.22945801,0.00317393
0.22979201,-0.01452681
0.23012601,0.00317393
0.23046001,-0.01452681
0.23079401,-0.01452681
0.23112801,-0.01452681
0.23146201,-0.01452681
0.23179601,-0.01452681
0.23213001,-0.01452681
0.23246401,-0.01452681
0.23279801,-0.03222755
0.23313201,-0.03222755
0.23346601,-0.03222755
0.23380001,-0.03222755
0.23413401,-0.03222755
0.23446801,-0.03222755
0.23480201,-0.03222755
0.23513601,-0.03222755
0.23547001,-0.03222755
0.23580401,-0.03222755
0.23613801,-0.04992828
0.23647201,-0.03222755
0.23680601,-0.04992828
0.23714001,-0.04992828
0.23747401,-0.04992828
0.23780801,-0.04992828
0.23814201,-0.04992828
0.23847601,-0.06756798
0.23881001,-0.06756798
0.23914401,-0.06756798
0.23947801,-0.06756798
0.23981201,-0.06756798
0.24014601,-0.06756798
0.24048001,-0.06756798
0.24081401,-0.06756798
0.24114801,-0.08520768
0.24148201,-0.08520768
0.24181601,-0.08520768
0.24215001,-0.08520768
0.24248401,-0.08520768
0.24281801,-0.08520768
0.24315201,-0.08520768
0.24348601,-0.08520768
0.24382001,-0.10290840
0.24415401,-0.10290840
0.24448801,-0.08520768
0.24482201,-0.10290840
0.24515601,-0.10290840
0.24549001,-0.10290840
0.24582401,-0.10290840
0.24615801,-0.12060910
0.24649201,-0.10290840
0.24682601,-0.10290840
0.24716001,-0.10290840
0.24749401,-0.12060910
0.24782801,-0.12060910
0.24816201,-0.12060910
0.24849601,-0.10290840
0.24883001,-0.12060910
0.24916401,-0.12060910
0.24949801,-0.12060910
0.24983201,-0.12060910
0.25016601,-0.13830990
0.25050001,-0.13830990
0.25083401,-0.13830990
0.25116801,-0.13830990
0.25150201,-0.12060910
0.25183601,-0.13830990
0.25217001,-0.13830990
0.25250401,-0.15601060
0.25283801,-0.15601060
0.25317201,-0.13830990
0.25350601,-0.15601060
0.25384001,-0.15601060
0.25417401,-0.15601060
0.25450801,-0.15601060
0.25484201,-0.15601060
0.25517601,-0.15601060
0.25551001,-0.15601060
0.25584401,-0.15601060
0.25617801,-0.15601060
0.25651201,-0.17371140
0.25684601,-0.17371140
0.25718001,-0.17371140
0.25751401,-0.17371140
0.25784801,-0.17371140
0.25818201,-0.17371140
0.25851601,-0.17371140
0.25885001,-0.19141210
0.25918401,-0.19141210
0.25951801,-0.19141210
0.25985201,-0.17371140
0.26018601,-0.19141210
0.26052001,-0.19141210
0.26085401,-0.19141210
0.26118801,-0.19141210
0.26152201,-0.20911280
0.26185601,-0.20911280
0.26219001,-0.19141210
0.26252401,-0.19141210
0.26285801,-0.20911280
0.26319201,-0.22681360
0.26352601,-0.20911280
0.26386001,-0.22681360
0.26419401,-0.22681360
0.26452801,-0.22681360
0.26486201,-0.22681360
0.26519601,-0.22681360
0.26553001,-0.22681360
0.26586401,-0.22681360
0.26619801,-0.22681360
0.26653201,-0.24451430
0.26686601,-0.22681360
0.26720001,-0.24451430
0.26753401,-0.24451430
0.26786801,-0.24451430
0.26820201,-0.24451430
0.26853601,-0.24451430
0.26887001,-0.24451430
0.26920401,-0.24451430
0.26953801,-0.24451430
0.26987201,-0.24451430
0.27020601,-0.24451430
0.27054001,-0.26221500
0.27087401,-0.26221500
0.27120801,-0.24451430
0.27154201,-0.26221500
0.27187601,-0.26221500
0.27221001,-0.26221500
0.27254401,-0.26221500
0.27287801,-0.26221500
0.27321201,-0.27991580
0.27354601,-0.27991580
0.27388001,-0.27991580
0.27421401,-0.27991580
0.27454801,-0.27991580
0.27488201,-0.27991580
0.27521601,-0.27991580
0.27555001,-0.27991580
0.27588401,-0.29761650
0.27621801,-0.29761650
0.27655201,-0.29761650
0.27688601,-0.29761650
0.27722001,-0.29761650
0.27755401,-0.29761650
0.27788801,-0.29761650
0.27822201,-0.31531720
0.27855601,-0.29761650
0.27889001,-0.29761650
0.27922401,-0.31531720
0.27955801,-0.29761650
0.27989201,-0.31531720
0.28022601,-0.31531720
0.28056001,-0.31531720
0.28089401,-0.31531720
0.28122801,-0.31531720
0.28156201,-0.31531720
0.28189601,-0.31531720
0.28223001,-0.33301800
0.28256401,-0.33301800
0.28289801,-0.33301800
0.28323201,-0.33301800
0.28356601,-0.33301800
0.28390001,-0.33301800
0.28423401,-0.33301800
0.28456801,-0.33301800
0.28490201,-0.35071870
0.28523601,-0.35071870
0.28557001,-0.35071870
0.28590401,-0.35071870
0.28623801,-0.33301800
0.28657201,-0.35071870
0.28690601,-0.35071870
0.28724001,-0.35071870
0.28757401,-0.36841940
0.28790801,-0.36841940
0.28824201,-0.36841940
0.28857601,-0.36841940
0.28891001,-0.36841940
0.28924401,-0.36841940
0.28957801,-0.36841940
0.28991201,-0.36841940
0.29024601,-0.36841940
0.29058001,-0.36841940
0.29091401,-0.38612020
0.29124801,-0.36841940
0.29158201,-0.36841940
0.29191601,-0.38612020
0.29225001,-0.38612020
0.29258401,-0.38612020
0.29291801,-0.38612020
0.29325201,-0.38612020
0.29358601,-0.38612020
0.29392001,-0.38612020
0.29425401,-0.38612020
0.29458801,-0.40382090
0.29492201,-0.40382090
0.29525601,-0.40382090
0.29559001,-0.38612020
0.29592401,-0.40382090
0.29625801,-0.40382090
0.29659201,-0.40382090
0.29692601,-0.40382090
0.29726001,-0.40382090
0.29759401,-0.40382090
0.29792801,-0.42152170
0.29826201,-0.40382090
0.29859601,-0.42152170
0.29893001,-0.42152170
0.29926401,-0.42152170
0.29959801,-0.42152170
0.29993201,-0.42152170
0.30026601,-0.43922240
0.30060001,-0.42152170
0.30093401,-0.43922240
0.30126801,-0.43922240
0.30160201,-0.43922240
0.30193601,-0.43922240
0.30227001,-0.43922240
0.30260401,-0.45692310
0.30293801,-0.43922240
0.30327201,-0.43922240
0.30360601,-0.43922240
0.30394001,-0.43922240
0.30427401,-0.43922240
0.30460801,-0.43922240
0.30494201,-0.45692310
0.30527601,-0.43922240
0.30561001,-0.45692310
0.30594401,-0.45692310
0.30627801,-0.45692310
0.30661201,-0.45692310
0.30694601,-0.45692310
0.30728001,-0.45692310
0.30761401,-0.47462390
0.30794801,-0.47462390
0.30828201,-0.47462390
0.30861601,-0.47462390
0.30895001,-0.47462390
0.30928401,-0.47462390
0.30961801,-0.49232460
0.30995201,-0.49232460
0.31028601,-0.47462390
0.31062001,-0.47462390
0.31095401,-0.47462390
0.31128801,-0.49232460
0.31162201,-0.49232460
0.31195601,-0.47462390
0.31229001,-0.49232460
0.31262401,-0.51002530
0.31295801,-0.49232460
0.31329201,-0.49232460
0.31362601,-0.49232460
0.31396001,-0.49232460
0.31429401,-0.51002530
0.31462801,-0.51002530
0.31496201,-0.51002530
0.31529601,-0.51002530
0.31563001,-0.51002530
0.31596401,-0.51002530
0.31629801,-0.51002530
0.31663201,-0.52772610
0.31696601,-0.52772610
0.31730001,-0.51002530
0.31763401,-0.52772610
0.31796801,-0.52772610
0.31830201,-0.51002530
0.31863601,-0.52772610
0.31897001,-0.52772610
0.31930401,-0.52772610
0.31963801,-0.52772610
0.31997201,-0.54542680
0.32030601,-0.54542680
0.32064001,-0.54542680
0.32097401,-0.54542680
0.32130801,-0.52772610
0.32164201,-0.54542680
0.32197601,-0.54542680
0.32231001,-0.54542680
0.32264401,-0.54542680
0.32297801,-0.54542680
0.32331201,-0.56312750
0.32364601,-0.54542680
0.32398001,-0.54542680
0.32431401,-0.54542680
0.32464801,-0.56312750
0.32498201,-0.56312750
0.32531601,-0.56312750
0.32565001,-0.56312750
0.32598401,-0.58082820
0.32631801,-0.58082820
0.32665201,-0.58082820
0.32698601,-0.58082820
0.32732001,-0.58082820
0.32765401,-0.58082820
0.32798801,-0.58082820
0.32832201,-0.58082820
0.32865601,-0.58082820
0.32899001,-0.58082820
0.32932401,-0.58082820
0.32965801,-0.58082820
0.32999201,-0.58082820
0.33032601,-0.58082820
0.33066001,-0.58082820
0.33099401,-0.59852900
0.33132801,-0.59852900
0.33166201,-0.59852900
0.33199601,-0.59852900
0.33233001,-0.59852900
0.33266401,-0.59852900
0.33299801,-0.59852900
0.33333201,-0.59852900
0.33366601,-0.59852900
0.33400001,-0.61622980
0.33433401,-0.61622980
0.33466801,-0.61622980
0.33500201,-0.61622980
0.33533601,-0.61622980
0.33567001,-0.61622980
0.33600401,-0.61622980
0.33633801,-0.61622980
0.33667201,-0.61622980
0.33700601,-0.63393050
0.33734001,-0.61622980
0.33767401,-0.61622980
0.33800801,-0.61622980
0.33834201,-0.63393050
0.33867601,-0.65157020
0.33901001,-0.63393050
0.33934401,-0.63393050
0.33967801,-0.63393050
0.34001201,-0.65157020
0.34034601,-0.65157020
0.34068001,-0.65157020
0.34101401,-0.65157020
0.34134801,-0.63393050
0.34168201,-0.65157020
0.34201601,-0.65157020
0.34235001,-0.65157020
0.34268401,-0.65157020
0.34301801,-0.65157020
0.34335201,-0.66927090
0.34368601,-0.65157020
0.34402001,-0.66927090
0.34435401,-0.65157020
0.34468801,-0.65157020
0.34502201,-0.65157020
0.34535601,-0.66927090
0.34569001,-0.66927090
0.34602401,-0.66927090
0.34635801,-0.66927090
0.34669201,-0.66927090
0.34702601,-0.66927090
0.34736001,-0.66927090
0.34769401,-0.66927090
0.34802801,-0.66927090
0.34836201,-0.66927090
0.34869601,-0.68697170
0.34903001,-0.66927090
0.34936401,-0.68697170
0.34969801,-0.68697170
0.35003201,-0.68697170
0.35036601,-0.68697170
0.35070001,-0.68697170
0.35103401,-0.68697170
0.35136801,-0.68697170
0.35170201,-0.68697170
0.35203601,-0.68697170
0.35237001,-0.70467240
0.35270401,-0.70467240
0.35303801,-0.70467240
0.35337201,-0.68697170
0.35370601,-0.70467240
0.35404001,-0.70467240
0.35437401,-0.70467240
0.35470801,-0.70467240
0.35504201,-0.70467240
0.35537601,-0.72237310
0.35571001,-0.70467240
0.35604401,-0.72237310
0.35637801,-0.72237310
0.35671201,-0.72237310
0.35704601,-0.72237310
0.35738001,-0.72237310
0.35771401,-0.72237310
0.35804801,-0.72237310
0.35838201,-0.72237310
0.35871601,-0.72237310
0.35905001,-0.72237310
0.35938401,-0.72237310
0.35971801,-0.74007390
0.36005201,-0.72237310
0.36038601,-0.72237310
0.36072001,-0.74007390
0.36105401,-0.72237310
0.36138801,-0.74007390
0.36172201,-0.74007390
0.36205601,-0.72237310
0.36239001,-0.74007390
0.36272401,-0.74007390
0.36305801,-0.74007390
0.36339201,-0.74007390
0.36372601,-0.74007390
0.36406001,-0.74007390
0.36439401,-0.74007390
0.36472801,-0.74007390
0.36506201,-0.75777460
0.36539601,-0.74007390
0.36573001,-0.75777460
0.36606401,-0.75777460
0.36639801,-0.75777460
0.36673201,-0.75777460
0.36706601,-0.75777460
0.36740001,-0.75777460
0.36773401,-0.75777460
0.36806801,-0.75777460
0.36840201,-0.77547530
0.36873601,-0.77547530
0.36907001,-0.77547530
0.36940401,-0.75777460
0.36973801,-0.75777460
0.37007201,-0.77547530
0.37040601,-0.77547530
0.37074001,-0.77547530
0.37107401,-0.77547530
0.37140801,-0.77547530
0.37174201,-0.77547530
0.37207601,-0.79317610
0.37241001,-0.79317610
0.37274401,-0.77547530
0.37307801,-0.79317610
0.37341201,-0.79317610
0.37374601,-0.79317610
0.37408001,-0.79317610
0.37441401,-0.79317610
0.37474801,-0.79317610
0.37508201,-0.79317610
0.37541601,-0.79317610
0.37575001,-0.79317610
0.37608401,-0.79317610
0.37641801,-0.81087680
0.37675201,-0.81087680
0.37708601,-0.79317610
0.37742001,-0.81087680
0.37775401,-0.79317610
0.37808801,-0.81087680
0.37842201,-0.81087680
0.37875601,-0.81087680
0.37909001,-0.81087680
0.37942401,-0.81087680
0.37975801,-0.79317610
0.38009201,-0.81087680
0.38042601,-0.81087680
0.38076001,-0.81087680
0.38109401,-0.81087680
0.38142801,-0.81087680
0.38176201,-0.81087680
0.38209601,-0.81087680
0.38243001,-0.82857750
0.38276401,-0.82857750
0.38309801,-0.82857750
0.38343201,-0.82857750
0.38376601,-0.81087680
0.38410001,-0.81087680
0.38443401,-0.82857750
0.38476801,-0.82857750
0.38510201,-0.82857750
0.38543601,-0.82857750
0.38577001,-0.82857750
0.38610401,-0.82857750
0.38643801,-0.82857750
0.38677201,-0.82857750
0.38710601,-0.82857750
0.38744001,-0.84627830
0.38777401,-0.82857750
0.38810801,-0.84627830
0.38844201,-0.82857750
0.38877601,-0.84627830
0.38911001,-0.84627830
0.38944401,-0.84627830
0.38977801,-0.86397900
0.39011201,-0.84627830
0.39044601,-0.84627830
0.39078001,-0.84627830
0.39111401,-0.84627830
0.39144801,-0.86397900
0.39178201,-0.86397900
0.39211601,-0.86397900
0.39245001,-0.86397900
0.39278401,-0.86397900
0.39311801,-0.86397900
0.39345201,-0.86397900
0.39378601,-0.86397900
0.39412001,-0.86397900
0.39445401,-0.86397900
0.39478801,-0.86397900
0.39512201,-0.86397900
0.39545601,-0.86397900
0.39579001,-0.86397900
0.39612401,-0.86397900
0.39645801,-0.86397900
0.39679201,-0.86397900
0.39712601,-0.86397900
0.39746001,-0.86397900
0.39779401,-0.86397900
0.39812801,-0.86397900
0.39846201,-0.88167970
0.39879601,-0.88167970
0.39913001,-0.88167970
0.39946401,-0.86397900
0.39979801,-0.86397900
0.40013201,-0.86397900
0.40046601,-0.88167970
0.40080001,-0.88167970
0.40113401,-0.88167970
0.40146801,-0.88167970
0.40180201,-0.88167970
0.40213601,-0.88167970
0.40247001,-0.88167970
0.40280401,-0.88167970
0.40313801,-0.88167970
0.40347201,-0.88167970
0.40380601,-0.88167970
0.40414001,-0.88167970
0.40447401,-0.88167970
0.40480801,-0.89938040
0.40514201,-0.88167970
0.40547601,-0.88167970
0.40581001,-0.89938040
0.40614401,-0.88167970
0.40647801,-0.88167970
0.40681201,-0.89938040
0.40714601,-0.88167970
0.40748001,-0.89938040
0.40781401,-0.89938040
0.40814801,-0.89938040
0.40848201,-0.89938040
0.40881601,-0.89938040
0.40915001,-0.89938040
0.40948401,-0.89938040
0.40981801,-0.89938040
0.41015201,-0.91708120
0.41048601,-0.89938040
0.41082001,-0.89938040
0.41115401,-0.89938040
0.41148801,-0.89938040
0.41182201,-0.89938040
0.41215601,-0.89938040
0.41249001,-0.91708120
0.41282401,-0.91708120
0.41315801,-0.91708120
0.41349201,-0.91708120
0.41382601,-0.91708120
0.41416001,-0.91708120
0.41449401,-0.91708120
0.41482801,-0.91708120
0.41516201,-0.91708120
0.41549601,-0.91708120
0.41583001,-0.91708120
0.41616401,-0.91708120
0.41649801,-0.91708120
0.41683201,-0.91708120
0.41716601,-0.91708120
0.41750001,-0.91708120
0.41783401,-0.91708120
0.41816801,-0.93478200
0.41850201,-0.93478200
0.41883601,-0.93478200
0.41917001,-0.93478200
0.41950401,-0.93478200
0.41983801,-0.93478200
0.42017201,-0.93478200
0.42050601,-0.93478200
0.42084001,-0.93478200
0.42117401,-0.93478200
0.42150801,-0.93478200
0.42184201,-0.93478200
0.42217601,-0.93478200
0.42251001,-0.93478200
0.42284401,-0.93478200
0.42317801,-0.93478200
0.42351201,-0.93478200
0.42384601,-0.93478200
0.42418001,-0.93478200
0.42451401,-0.93478200
0.42484801,-0.93478200
0.42518201,-0.93478200
0.42551601,-0.93478200
0.42585001,-0.93478200
0.42618401,-0.95248270
0.42651801,-0.95248270
0.42685201,-0.95248270
0.42718601,-0.95248270
0.42752001,-0.95248270
0.42785401,-0.95248270
0.42818801,-0.93478200
0.42852201,-0.93478200
0.42885601,-0.95248270
0.42919001,-0.95248270
0.42952401,-0.95248270
0.42985801,-0.95248270
0.43019201,-0.95248270
0.43052601,-0.95248270
0.43086001,-0.95248270
0.43119401,-0.95248270
0.43152801,-0.95248270
0.43186201,-0.95248270
0.43219601,-0.95248270
0.43253001,-0.95248270
0.43286401,-0.95248270
0.43319801,-0.95248270
0.43353201,-0.95248270
0.43386601,-0.95248270
0.43420001,-0.95248270
0.43453401,-0.95248270
0.43486801,-0.95248270
0.43520201,-0.95248270
0.43553601,-0.95248270
0.43587001,-0.95248270
0.43620401,-0.95248270
0.43653801,-0.95248270
0.43687201,-0.95248270
0.43720601,-0.95248270
0.43754001,-0.95248270
0.43787401,-0.97018340
0.43820801,-0.97018340
0.43854201,-0.97018340
0.43887601,-0.95248270
0.43921001,-0.97018340
0.43954401,-0.97018340
0.43987801,-0.97018340
0.44021201,-0.97018340
0.44054601,-0.95248270
0.44088001,-0.97018340
0.44121401,-0.97018340
0.44154801,-0.97018340
0.44188201,-0.97018340
0.44221601,-0.97018340
0.44255001,-0.97018340
0.44288401,-0.97018340
0.44321801,-0.97018340
0.44355201,-0.97018340
0.44388601,-0.97018340
0.44422001,-0.97018340
0.44455401,-0.97018340
0.44488801,-0.97018340
0.44522201,-0.97018340
0.44555601,-0.97018340
0.44589001,-0.97018340
0.44622401,-0.97018340
0.44655801,-0.97018340
0.44689201,-0.97018340
0.44722602,-0.98788420
0.44756002,-0.98788420
0.44789402,-0.97018340
0.44822802,-0.98788420
0.44856202,-0.98788420
0.44889602,-0.98788420
0.44923002,-0.98788420
0.44956402,-0.98788420
0.44989802,-0.98788420
0.45023202,-0.97018340
0.45056602,-0.97018340
0.45090002,-0.98788420
0.45123402,-0.97018340
0.45156802,-0.98788420
0.45190202,-0.97018340
0.45223602,-0.98788420
0.45257002,-0.98788420
0.45290402,-0.97018340
0.45323802,-0.97018340
0.45357202,-0.98788420
0.45390602,-0.97018340
0.45424002,-1.00558500
0.45457402,-0.98788420
0.45490802,-0.98788420
0.45524202,-0.98788420
0.45557602,-1.00558500
0.45591002,-0.98788420
0.45624402,-0.98788420
0.45657802,-0.98788420
0.45691202,-0.98788420
0.45724602,-0.98788420
0.45758002,-0.98788420
0.45791402,-0.98788420
0.45824802,-0.98788420
0.45858202,-0.98788420
0.45891602,-0.98788420
0.45925002,-0.98788420
0.45958402,-0.98788420
0.45991802,-0.98788420
0.46025202,-0.98788420
0.46058602,-0.98788420
0.46092002,-0.98788420
0.46125402,-0.98788420
0.46158802,-0.98788420
0.46192202,-0.98788420
0.46225602,-0.98788420
0.46259002,-1.00558500
0.46292402,-0.98788420
0.46325802,-1.00558500
0.46359202,-1.00558500
0.46392602,-1.00558500
0.46426002,-1.00558500
0.46459402,-0.98788420
0.46492802,-1.00558500
0.46526202,-1.00558500
0.46559602,-1.00558500
0.46593002,-1.00558500
0.46626402,-1.00558500
0.46659802,-1.00558500
0.46693202,-1.00558500
0.46726602,-1.00558500
0.46760002,-1.00558500
0.46793402,-1.00558500
0.46826802,-1.00558500
0.46860202,-1.00558500
0.46893602,-1.00558500
0.46927002,-1.00558500
0.46960402,-1.00558500
0.46993802,-1.00558500
0.47027202,-0.98788420
0.47060602,-1.00558500
0.47094002,-1.00558500
0.47127402,-1.00558500
0.47160802,-1.00558500
0.47194202,-1.00558500
0.47227602,-0.98788420
0.47261002,-0.98788420
0.47294402,-0.98788420
0.47327802,-1.00558500
0.47361202,-1.00558500
0.47394602,-1.00558500
0.47428002,-0.98788420
0.47461402,-1.00558500
0.47494802,-1.00558500
0.47528202,-0.98788420
0.47561602,-1.00558500
0.47595002,-1.00558500
0.47628402,-0.98788420
0.47661802,-1.00558500
0.47695202,-0.98788420
0.47728602,-1.00558500
0.47762002,-0.98788420
0.47795402,-1.00558500
0.47828802,-0.98788420
0.47862202,-1.00558500
0.47895602,-1.00558500
0.47929002,-1.00558500
0.47962402,-1.00558500
0.47995802,-1.00558500
0.48029202,-0.98788420
0.48062602,-0.98788420
0.48096002,-1.00558500
0.48129402,-1.00558500
0.48162802,-1.00558500
0.48196202,-1.00558500
0.48229602,-1.00558500
0.48263002,-0.98788420
0.48296402,-0.98788420
0.48329802,-1.00558500
0.48363202,-0.98788420
0.48396602,-1.00558500
0.48430002,-1.00558500
0.48463402,-1.00558500
0.48496802,-0.98788420
0.48530202,-1.00558500
0.48563602,-1.00558500
0.48597002,-0.98788420
0.48630402,-0.98788420
0.48663802,-1.00558500
0.48697202,-1.00558500
0.48730602,-1.00558500
0.48764002,-1.00558500
0.48797402,-0.98788420
0.48830802,-1.00558500
0.48864202,-0.98788420
0.48897602,-0.98788420
0.48931002,-1.00558500
0.48964402,-1.00558500
0.48997802,-1.00558500
0.49031202,-0.98788420
0.49064602,-0.98788420
0.49098002,-1.00558500
0.49131402,-1.00558500
0.49164802,-1.00558500
0.49198202,-0.98788420
0.49231602,-1.00558500
0.49265002,-1.00558500
0.49298402,-1.00558500
0.49331802,-0.98788420
0.49365202,-1.00558500
0.49398602,-1.00558500
0.49432002,-1.00558500
0.49465402,-1.00558500
0.49498802,-1.00558500
0.49532202,-0.98788420
0.49565602,-0.98788420
0.49599002,-0.98788420
0.49632402,-1.00558500
0.49665802,-1.00558500
0.49699202,-1.00558500
0.49732602,-1.00558500
0.49766002,-0.98788420
0.49799402,-1.00558500
0.49832802,-1.00558500
0.49866202,-1.00558500
0.49899602,-1.00558500
0.49933002,-1.00558500
0.49966402,-1.00558500
0.49999802,-0.98788420
0.50033202,-1.00558500
0.50066602,-1.00558500
0.50100002,-1.00558500
0.50133402,-1.00558500
0.50166802,-1.00558500
0.50200202,-1.00558500
0.50233602,-0.98788420
0.50267002,-0.98788420
0.50300402,-0.97018340
0.50333802,-0.98788420
0.50367202,-0.98788420
0.50400602,-0.98788420
0.50434002,-1.00558500
0.50467402,-0.98788420
0.50500802,-0.98788420
0.50534202,-1.00558500
0.50567602,-1.00558500
0.50601002,-0.98788420
0.50634402,-0.98788420
0.50667802,-0.98788420
0.50701202,-0.98788420
0.50734602,-0.98788420
0.50768002,-0.98788420
0.50801402,-0.98788420
0.50834802,-0.98788420
0.50868202,-0.98788420
0.50901602,-0.98788420
0.50935002,-0.98788420
0.50968402,-0.98788420
0.51001802,-0.98788420
0.51035202,-0.98788420
0.51068602,-0.98788420
0.51102002,-0.98788420
0.51135402,-0.97018340
0.51168802,-0.98788420
0.51202202,-0.98788420
0.51235602,-0.97018340
0.51269002,-0.97018340
0.51302402,-0.97018340
0.51335802,-0.98788420
0.51369202,-0.97018340
0.51402602,-0.98788420
0.51436002,-0.97018340
0.51469402,-0.98788420
0.51502802,-0.97018340
0.51536202,-0.98788420
0.51569602,-0.97018340
0.51603002,-0.97018340
0.51636402,-0.98788420
0.51669802,-0.98788420
0.51703202,-0.97018340
0.51736602,-0.97018340
0.51770002,-0.97018340
0.51803402,-0.98788420
0.51836802,-0.97018340
0.51870202,-0.97018340
0.51903602,-0.97018340
0.51937002,-0.97018340
0.51970402,-0.97018340
0.52003802,-0.97018340
0.52037202,-0.97018340
0.52070602,-0.97018340
0.52104002,-0.97018340
0.52137402,-0.97018340
0.52170802,-0.97018340
0.52204202,-0.97018340
0.52237602,-0.97018340
0.52271002,-0.95248270
0.52304402,-0.97018340
0.52337802,-0.97018340
0.52371202,-0.97018340
0.52404602,-0.97018340
0.52438002,-0.97018340
0.52471402,-0.97018340
0.52504802,-0.97018340
0.52538202,-0.97018340
0.52571602,-0.97018340
0.52605002,-0.97018340
0.52638402,-0.97018340
0.52671802,-0.95248270
0.52705202,-0.97018340
0.52738602,-0.95248270
0.52772002,-0.95248270
0.52805402,-0.95248270
0.52838802,-0.95248270
0.52872202,-0.95248270
0.52905602,-0.95248270
0.52939002,-0.95248270
0.52972402,-0.95248270
0.53005802,-0.95248270
0.53039202,-0.95248270
0.53072602,-0.95248270
0.53106002,-0.95248270
0.53139402,-0.97018340
0.53172802,-0.95248270
0.53206202,-0.95248270
0.53239602,-0.95248270
0.53273002,-0.95248270
0.53306402,-0.95248270
0.53339802,-0.95248270
0.53373202,-0.95248270
0.53406602,-0.95248270
0.53440002,-0.95248270
0.53473402,-0.95248270
0.53506802,-0.95248270
0.53540202,-0.95248270
0.53573602,-0.95248270
0.53607002,-0.95248270
0.53640402,-0.95248270
0.53673802,-0.93478200
0.53707202,-0.93478200
0.53740602,-0.93478200
0.53774002,-0.95248270
0.53807402,-0.95248270
0.53840802,-0.95248270
0.53874202,-0.95248270
0.53907602,-0.95248270
0.53941002,-0.93478200
0.53974402,-0.93478200
0.54007802,-0.93478200
0.54041202,-0.93478200
0.54074602,-0.93478200
0.54108002,-0.93478200
0.54141402,-0.93478200
0.54174802,-0.93478200
0.54208202,-0.93478200
0.54241602,-0.93478200
0.54275002,-0.93478200
0.54308402,-0.93478200
0.54341802,-0.93478200
0.54375202,-0.93478200
0.54408602,-0.93478200
0.54442002,-0.93478200
0.54475402,-0.93478200
0.54508802,-0.93478200
0.54542202,-0.93478200
0.54575602,-0.93478200
0.54609002,-0.93478200
0.54642402,-0.91708120
0.54675802,-0.91708120
0.54709202,-0.91708120
0.54742602,-0.91708120
0.54776002,-0.91708120
0.54809402,-0.91708120
0.54842802,-0.91708120
0.54876202,-0.91708120
0.54909602,-0.91708120
0.54943002,-0.91708120
0.54976402,-0.91708120
0.55009802,-0.91708120
0.55043202,-0.89938040
0.55076602,-0.91708120
0.55110002,-0.91708120
0.55143402,-0.89938040
0.55176802,-0.89938040
0.55210202,-0.91708120
0.55243602,-0.89938040
0.55277002,-0.89938040
0.55310402,-0.89938040
0.55343802,-0.89938040
0.55377202,-0.91708120
0.55410602,-0.89938040
0.55444002,-0.89938040
0.55477402,-0.89938040
0.55510802,-0.89938040
0.55544202,-0.89938040
0.55577602,-0.89938040
0.55611002,-0.89938040
0.55644402,-0.89938040
0.55677802,-0.89938040
0.55711202,-0.89938040
0.55744602,-0.89938040
0.55778002,-0.89938040
0.55811402,-0.88167970
0.55844802,-0.89938040
0.55878202,-0.88167970
0.55911602,-0.89938040
0.55945002,-0.88167970
0.55978402,-0.88167970
0.56011802,-0.89938040
0.56045202,-0.89938040
0.56078602,-0.89938040
0.56112002,-0.88167970
0.56145402,-0.88167970
0.56178802,-0.88167970
0.56212202,-0.88167970
0.56245602,-0.88167970
0.56279002,-0.88167970
0.56312402,-0.88167970
0.56345802,-0.86397900
0.56379202,-0.88167970
0.56412602,-0.86397900
0.56446002,-0.86397900
0.56479402,-0.88167970
0.56512802,-0.86397900
0.56546202,-0.86397900
0.56579602,-0.86397900
0.56613002,-0.86397900
0.56646402,-0.86397900
0.56679802,-0.88167970
0.56713202,-0.86397900
0.56746602,-0.86397900
0.56780002,-0.86397900
0.56813402,-0.86397900
0.56846802,-0.86397900
0.56880202,-0.86397900
0.56913602,-0.86397900
0.56947002,-0.86397900
0.56980402,-0.86397900
0.57013802,-0.86397900
0.57047202,-0.86397900
0.57080602,-0.86397900
0.57114002,-0.84627830
0.57147402,-0.86397900
0.57180802,-0.84627830
0.57214202,-0.86397900
0.57247602,-0.84627830
0.57281002,-0.86397900
0.57314402,-0.86397900
0.57347802,-0.84627830
0.57381202,-0.84627830
0.57414602,-0.84627830
0.57448002,-0.84627830
0.57481402,-0.84627830
0.57514802,-0.84627830
0.57548202,-0.84627830
0.57581602,-0.82857750
0.57615002,-0.82857750
0.57648402,-0.82857750
0.57681802,-0.82857750
0.57715202,-0.84627830
0.57748602,-0.84627830
0.57782002,-0.82857750
0.57815402,-0.82857750
0.57848802,-0.82857750
0.57882202,-0.82857750
0.57915602,-0.82857750
0.57949002,-0.82857750
0.57982402,-0.82857750
0.58015802,-0.81087680
0.58049202,-0.81087680
0.58082602,-0.82857750
0.58116002,-0.82857750
0.58149402,-0.82857750
0.58182802,-0.81087680
0.58216202,-0.82857750
0.58249602,-0.81087680
0.58283002,-0.81087680
0.58316402,-0.81087680
0.58349802,-0.81087680
0.58383202,-0.81087680
0.58416602,-0.81087680
0.58450002,-0.81087680
0.58483402,-0.81087680
0.58516802,-0.81087680
0.58550202,-0.81087680
0.58583602,-0.81087680
0.58617002,-0.81087680
0.58650402,-0.79317610
0.58683802,-0.79317610
0.58717202,-0.79317610
0.58750602,-0.79317610
0.58784002,-0.81087680
0.58817402,-0.81087680
0.58850802,-0.81087680
0.58884202,-0.79317610
0.58917602,-0.79317610
0.58951002,-0.77547530
0.58984402,-0.79317610
0.59017802,-0.79317610
0.59051202,-0.79317610
0.59084602,-0.77547530
0.59118002,-0.79317610
0.59151402,-0.79317610
0.59184802,-0.79317610
0.59218202,-0.79317610
0.59251602,-0.79317610
0.59285002,-0.77547530
0.59318402,-0.77547530
0.59351802,-0.77547530
0.59385202,-0.77547530
0.59418602,-0.77547530
0.59452002,-0.77547530
0.59485402,-0.75777460
0.59518802,-0.75777460
0.59552202,-0.75777460
0.59585602,-0.75777460
0.59619002,-0.75777460
0.59652402,-0.75777460
0.59685802,-0.75777460
0.59719202,-0.75777460
0.59752602,-0.75777460
0.59786002,-0.75777460
0.59819402,-0.75777460
0.59852802,-0.74007390
0.59886202,-0.74007390
0.59919602,-0.75777460
0.59953002,-0.75777460
0.59986402,-0.74007390
0.60019802,-0.74007390
0.60053202,-0.74007390
0.60086602,-0.74007390
0.60120002,-0.74007390
0.60153402,-0.74007390
0.60186802,-0.74007390
0.60220202,-0.72237310
0.60253602,-0.74007390
0.60287002,-0.74007390
0.60320402,-0.72237310
0.60353802,-0.74007390
0.60387202,-0.74007390
0.60420602,-0.72237310
0.60454002,-0.72237310
0.60487402,-0.72237310
0.60520802,-0.72237310
0.60554202,-0.72237310
0.60587602,-0.72237310
0.60621002,-0.72237310
0.60654402,-0.72237310
0.60687802,-0.72237310
0.60721202,-0.72237310
0.60754602,-0.72237310
0.60788002,-0.70467240
0.60821402,-0.72237310
0.60854802,-0.70467240
0.60888202,-0.72237310
0.60921602,-0.72237310
0.60955002,-0.70467240
0.60988402,-0.70467240
0.61021802,-0.70467240
0.61055202,-0.70467240
0.61088602,-0.70467240
0.61122002,-0.68697170
0.61155402,-0.70467240
0.61188802,-0.70467240
0.61222202,-0.68697170
0.61255602,-0.68697170
0.61289002,-0.70467240
0.61322402,-0.68697170
0.61355802,-0.68697170
0.61389202,-0.68697170
0.61422602,-0.68697170
0.61456002,-0.68697170
0.61489402,-0.68697170
0.61522802,-0.68697170
0.61556202,-0.66927090
0.61589602,-0.66927090
0.61623002,-0.66927090
0.61656402,-0.66927090
0.61689802,-0.66927090
0.61723202,-0.66927090
0.61756602,-0.66927090
0.61790002,-0.66927090
0.61823402,-0.66927090
0.61856802,-0.66927090
0.61890202,-0.66927090
0.61923602,-0.66927090
0.61957002,-0.66927090
0.61990402,-0.65157020
0.62023802,-0.65157020
0.62057202,-0.66927090
0.62090602,-0.65157020
0.62124002,-0.65157020
0.62157402,-0.65157020
0.62190802,-0.65157020
0.62224202,-0.65157020
0.62257602,-0.65157020
0.62291002,-0.65157020
0.62324402,-0.65157020
0.62357802,-0.65157020
0.62391202,-0.65157020
0.62424602,-0.65157020
0.62458002,-0.65157020
0.62491402,-0.63393050
0.62524802,-0.63393050
0.62558202,-0.65157020
0.62591602,-0.63393050
0.62625002,-0.63393050
0.62658402,-0.63393050
0.62691802,-0.63393050
0.62725202,-0.63393050
0.62758602,-0.61622980
0.62792002,-0.61622980
0.62825402,-0.61622980
0.62858802,-0.61622980
0.62892202,-0.61622980
0.62925602,-0.61622980
0.62959002,-0.61622980
0.62992402,-0.59852900
0.63025802,-0.61622980
0.63059202,-0.61622980
0.63092602,-0.59852900
0.63126002,-0.59852900
0.63159402,-0.59852900
0.63192802,-0.59852900
0.63226202,-0.59852900
0.63259602,-0.59852900
0.63293002,-0.59852900
0.63326402,-0.59852900
0.63359802,-0.59852900
0.63393202,-0.59852900
0.63426602,-0.59852900
0.63460002,-0.58082820
0.63493402,-0.58082820
0.63526802,-0.59852900
0.63560202,-0.58082820
0.63593602,-0.58082820
0.63627002,-0.58082820
0.63660402,-0.58082820
0.63693802,-0.58082820
0.63727202,-0.56312750
0.63760602,-0.58082820
0.63794002,-0.58082820
0.63827402,-0.58082820
0.63860802,-0.58082820
0.63894202,-0.54542680
0.63927602,-0.58082820
0.63961002,-0.56312750
0.63994402,-0.58082820
0.64027802,-0.54542680
0.64061202,-0.54542680
0.64094602,-0.54542680
0.64128002,-0.54542680
0.64161402,-0.56312750
0.64194802,-0.54542680
0.64228202,-0.54542680
0.64261602,-0.54542680
0.64295002,-0.54542680
0.64328402,-0.54542680
0.64361802,-0.52772610
0.64395202,-0.52772610
0.64428602,-0.54542680
0.64462002,-0.52772610
0.64495402,-0.52772610
0.64528802,-0.52772610
0.64562202,-0.52772610
0.64595602,-0.52772610
0.64629002,-0.52772610
0.64662402,-0.52772610
0.64695802,-0.52772610
0.64729202,-0.52772610
0.64762602,-0.51002530
0.64796002,-0.51002530
0.64829402,-0.51002530
0.64862802,-0.51002530
0.64896202,-0.52772610
0.64929602,-0.51002530
0.64963002,-0.51002530
0.64996402,-0.51002530
0.65029802,-0.51002530
0.65063202,-0.49232460
0.65096602,-0.49232460
0.65130002,-0.49232460
0.65163402,-0.49232460
0.65196802,-0.49232460
0.65230202,-0.51002530
0.65263602,-0.49232460
0.65297002,-0.49232460
0.65330402,-0.49232460
0.65363802,-0.47462390
0.65397202,-0.47462390
0.65430602,-0.49232460
0.65464002,-0.47462390
0.65497402,-0.47462390
0.65530802,-0.47462390
0.65564202,-0.47462390
0.65597602,-0.47462390
0.65631002,-0.47462390
0.65664402,-0.47462390
0.65697802,-0.47462390
0.65731202,-0.45692310
0.65764602,-0.45692310
0.65798002,-0.45692310
0.65831402,-0.45692310
0.65864802,-0.45692310
0.65898202,-0.45692310
0.65931602,-0.45692310
0.65965002,-0.45692310
0.65998402,-0.45692310
0.66031802,-0.45692310
0.66065202,-0.43922240
0.66098602,-0.43922240
0.66132002,-0.43922240
0.66165402,-0.43922240
0.66198802,-0.43922240
0.66232202,-0.43922240
0.66265602,-0.43922240
0.66299002,-0.43922240
0.66332402,-0.43922240
0.66365802,-0.43922240
0.66399202,-0.43922240
0.66432602,-0.42152170
0.66466002,-0.42152170
0.66499402,-0.40382090
0.66532802,-0.42152170
0.66566202,-0.42152170
0.66599602,-0.40382090
0.66633002,-0.42152170
0.66666402,-0.42152170
0.66699802,-0.40382090
0.66733202,-0.42152170
0.66766602,-0.40382090
0.66800002,-0.40382090
0.66833402,-0.40382090
0.66866802,-0.40382090
0.66900202,-0.40382090
0.66933602,-0.38612020
0.66967002,-0.40382090
0.67000402,-0.40382090
0.67033802,-0.38612020
0.67067202,-0.38612020
0.67100602,-0.38612020
0.67134002,-0.38612020
0.67167402,-0.38612020
0.67200802,-0.38612020
0.67234202,-0.38612020
0.67267602,-0.38612020
0.67301002,-0.38612020
0.67334402,-0.38612020
0.67367802,-0.36841940
0.67401202,-0.38612020
0.67434602,-0.36841940
0.67468002,-0.36841940
0.67501402,-0.36841940
0.67534802,-0.36841940
0.67568202,-0.36841940
0.67601602,-0.36841940
0.67635002,-0.36841940
0.67668402,-0.36841940
0.67701802,-0.35071870
0.67735202,-0.36841940
0.67768602,-0.35071870
0.67802002,-0.35071870
0.67835402,-0.33301800
0.67868802,-0.35071870
0.67902202,-0.35071870
0.67935602,-0.35071870
0.67969002,-0.33301800
0.68002402,-0.33301800
0.68035802,-0.33301800
0.68069202,-0.33301800
0.68102602,-0.33301800
0.68136002,-0.31531720
0.68169402,-0.33301800
0.68202802,-0.31531720
0.68236202,-0.33301800
0.68269602,-0.31531720
0.68303002,-0.31531720
0.68336402,-0.31531720
0.68369802,-0.31531720
0.68403202,-0.31531720
0.68436602,-0.31531720
0.68470002,-0.31531720
0.68503402,-0.31531720
0.68536802,-0.29761650
0.68570202,-0.31531720
0.68603602,-0.29761650
0.68637002,-0.29761650
0.68670402,-0.29761650
0.68703802,-0.29761650
0.68737202,-0.29761650
0.68770602,-0.29761650
0.68804002,-0.29761650
0.68837402,-0.29761650
0.68870802,-0.29761650
0.68904202,-0.29761650
0.68937602,-0.27991580
0.68971002,-0.29761650
0.69004402,-0.29761650
0.69037802,-0.26221500
0.69071202,-0.26221500
0.69104602,-0.27991580
0.69138002,-0.26221500
0.69171402,-0.26221500
0.69204802,-0.27991580
0.69238202,-0.26221500
0.69271602,-0.26221500
0.69305002,-0.24451430
0.69338402,-0.26221500
0.69371802,-0.24451430
0.69405202,-0.26221500
0.69438602,-0.24451430
0.69472002,-0.24451430
0.69505402,-0.26221500
0.69538802,-0.24451430
0.69572202,-0.24451430
0.69605602,-0.24451430
0.69639002,-0.24451430
0.69672402,-0.24451430
0.69705802,-0.24451430
0.69739202,-0.22681360
0.69772602,-0.22681360
0.69806002,-0.22681360
0.69839402,-0.22681360
0.69872802,-0.22681360
0.69906202,-0.22681360
0.69939602,-0.20911280
0.69973002,-0.22681360
0.70006402,-0.22681360
0.70039802,-0.22681360
0.70073202,-0.20911280
0.70106602,-0.20911280
0.70140002,-0.20911280
0.70173402,-0.22681360
0.70206802,-0.19141210
0.70240202,-0.19141210
0.70273602,-0.19141210
0.70307002,-0.20911280
0.70340402,-0.19141210
0.70373802,-0.19141210
0.70407202,-0.19141210
0.70440602,-0.19141210
0.70474002,-0.19141210
0.70507402,-0.17371140
0.70540802,-0.19141210
0.70574202,-0.17371140
0.70607602,-0.17371140
0.70641002,-0.17371140
0.70674402,-0.17371140
0.70707802,-0.17371140
0.70741202,-0.17371140
0.70774602,-0.17371140
0.70808002,-0.17371140
0.70841402,-0.15601060
0.70874802,-0.15601060
0.70908202,-0.15601060
0.70941602,-0.17371140
0.70975002,-0.15601060
0.71008402,-0.15601060
0.71041802,-0.15601060
0.71075202,-0.15601060
0.71108602,-0.13830990
0.71142002,-0.13830990
0.71175402,-0.13830990
0.71208802,-0.15601060
0.71242202,-0.13830990
0.71275602,-0.13830990
0.71309002,-0.13830990
0.71342402,-0.12060910
0.71375802,-0.12060910
0.71409202,-0.12060910
0.71442602,-0.12060910
0.71476002,-0.12060910
0.71509402,-0.12060910
0.71542802,-0.12060910
0.71576202,-0.12060910
0.71609602,-0.10290840
0.71643002,-0.12060910
0.71676402,-0.12060910
0.71709802,-0.10290840
0.71743202,-0.10290840
0.71776602,-0.10290840
0.71810002,-0.10290840
0.71843402,-0.10290840
0.71876802,-0.10290840
0.71910202,-0.10290840
0.71943602,-0.10290840
0.71977002,-0.10290840
0.72010402,-0.10290840
0.72043802,-0.08520768
0.72077202,-0.08520768
0.72110602,-0.08520768
0.72144002,-0.08520768
0.72177402,-0.08520768
0.72210802,-0.08520768
0.72244202,-0.08520768
0.72277602,-0.08520768
0.72311002,-0.08520768
0.72344402,-0.06756798
0.72377802,-0.08520768
0.72411202,-0.06756798
0.72444602,-0.08520768
0.72478002,-0.06756798
0.72511402,-0.04992828
0.72544802,-0.06756798
0.72578202,-0.06756798
0.72611602,-0.04992828
0.72645002,-0.04992828
0.72678402,-0.06756798
0.72711802,-0.04992828
0.72745202,-0.04992828
0.72778602,-0.04992828
0.72812002,-0.04992828
0.72845402,-0.03222755
0.72878802,-0.03222755
0.72912202,-0.03222755
0.72945602,-0.03222755
0.72979002,-0.03222755
0.73012402,-0.03222755
0.73045802,-0.03222755
0.73079202,-0.03222755
0.73112602,-0.03222755
0.73146002,-0.01452681
0.73179402,-0.01452681
0.73212802,-0.01452681
0.73246202,-0.01452681
0.73279602,-0.01452681
0.73313002,-0.01452681
0.73346402,-0.01452681
0.73379802,-0.01452681
0.73413202,-0.01452681
0.73446602,-0.01452681
0.73480002,-0.01452681
0.73513402,-0.01452681
0.73546802,-0.01452681
0.73580202,-0.01452681
0.73613602,0.00317393
0.73647002,0.00317393
0.73680402,0.00317393
0.73713802,0.00317393
0.73747202,0.02087466
0.73780602,0.02087466
0.73814002,0.00317393
0.73847402,0.02087466
0.73880802,0.02087466
0.73914202,0.02087466
0.73947602,0.02087466
0.73981002,0.02087466
0.74014402,0.03857540
0.74047802,0.03857540
0.74081202,0.03857540
0.74114602,0.03857540
0.74148002,0.03857540
0.74181402,0.03857540
0.74214802,0.03857540
0.74248202,0.03857540
0.74281602,0.05627613
0.74315002,0.05627613
0.74348402,0.05627613
0.74381802,0.05627613
0.74415202,0.05627613
0.74448602,0.05627613
0.74482002,0.05627613
0.74515403,0.05627613
0.74548803,0.05627613
0.74582203,0.05627613
0.74615603,0.05627613
0.74649003,0.05627613
0.74682403,0.07397687
0.74715803,0.07397687
0.74749203,0.07397687
0.74782603,0.07397687
0.74816003,0.07397687
0.74849403,0.07397687
0.74882803,0.09167761
0.74916203,0.09167761
0.74949603,0.09167761
0.74983003,0.09167761
0.75016403,0.09167761
0.75049803,0.09167761
0.75083203,0.09167761
0.75116603,0.09167761
0.75150003,0.10937830
0.75183403,0.10937830
0.75216803,0.10937830
0.75250203,0.09167761
0.75283603,0.10937830
0.75317003,0.10937830
0.75350403,0.10937830
0.75383803,0.12707910
0.75417203,0.12707910
0.75450603,0.12707910
0.75484003,0.10937830
0.75517403,0.12707910
0.75550803,0.12707910
0.75584203,0.12707910
0.75617603,0.12707910
0.75651003,0.12707910
0.75684403,0.12707910
0.75717803,0.12707910
0.75751203,0.12707910
0.75784603,0.14477980
0.75818003,0.14477980
0.75851403,0.14477980
0.75884803,0.14477980
0.75918203,0.14477980
0.75951603,0.14477980
0.75985003,0.14477980
0.76018403,0.14477980
0.76051803,0.16248050
0.76085203,0.16248050
0.76118603,0.16248050
0.76152003,0.16248050
0.76185403,0.16248050
0.76218803,0.16248050
0.76252203,0.16248050
0.76285603,0.18018130
0.76319003,0.18018130
0.76352403,0.18018130
0.76385803,0.18018130
0.76419203,0.18018130
0.76452603,0.18018130
0.76486003,0.18018130
0.76519403,0.18018130
0.76552803,0.18018130
0.76586203,0.18018130
0.76619603,0.19788200
0.76653003,0.18018130
0.76686403,0.19788200
0.76719803,0.19788200
0.76753203,0.19788200
0.76786603,0.19788200
0.76820003,0.19788200
0.76853403,0.19788200
0.76886803,0.19788200
0.76920203,0.21558280
0.76953603,0.19788200
0.76987003,0.21558280
0.77020403,0.19788200
0.77053803,0.23328350
0.77087203,0.21558280
0.77120603,0.21558280
0.77154003,0.23328350
0.77187403,0.23328350
0.77220803,0.23328350
0.77254203,0.23328350
0.77287603,0.23328350
0.77321003,0.23328350
0.77354403,0.23328350
0.77387803,0.23328350
0.77421203,0.25098420
0.77454603,0.25098420
0.77488003,0.23328350
0.77521403,0.25098420
0.77554803,0.25098420
0.77588203,0.25098420
0.77621603,0.25098420
0.77655003,0.25098420
0.77688403,0.25098420
0.77721803,0.26868500
0.77755203,0.26868500
0.77788603,0.25098420
0.77822003,0.26868500
0.77855403,0.26868500
0.77888803,0.26868500
0.77922203,0.26868500
0.77955603,0.26868500
0.77989003,0.26868500
0.78022403,0.26868500
0.78055803,0.26868500
0.78089203,0.26868500
0.78122603,0.26868500
0.78156003,0.28638570
0.78189403,0.26868500
0.78222803,0.26868500
0.78256203,0.28638570
0.78289603,0.30408640
0.78323003,0.28638570
0.78356403,0.30408640
0.78389803,0.30408640
0.78423203,0.30408640
0.78456603,0.30408640
0.78490003,0.30408640
0.78523403,0.30408640
0.78556803,0.30408640
0.78590203,0.30408640
0.78623603,0.32178720
0.78657003,0.32178720
0.78690403,0.32178720
0.78723803,0.32178720
0.78757203,0.32178720
0.78790603,0.32178720
0.78824003,0.32178720
0.78857403,0.32178720
0.78890803,0.32178720
0.78924203,0.33948790
0.78957603,0.32178720
0.78991003,0.32178720
0.79024403,0.33948790
0.79057803,0.33948790
0.79091203,0.32178720
0.79124603,0.32178720
0.79158003,0.33948790
0.79191403,0.33948790
0.79224803,0.33948790
0.79258203,0.33948790
0.79291603,0.33948790
0.79325003,0.33948790
0.79358403,0.35718860
0.79391803,0.33948790
0.79425203,0.33948790
0.79458603,0.35718860
0.79492003,0.35718860
0.79525403,0.35718860
0.79558803,0.37488940
0.79592203,0.37488940
0.79625603,0.37488940
0.79659003,0.37488940
0.79692403,0.37488940
0.79725803,0.37488940
0.79759203,0.37488940
0.79792603,0.37488940
0.79826003,0.37488940
0.79859403,0.39259010
0.79892803,0.39259010
0.79926203,0.39259010
0.79959603,0.39259010
0.79993003,0.39259010
0.80026403,0.39259010
0.80059803,0.39259010
0.80093203,0.39259010
0.80126603,0.41029080
0.80160003,0.39259010
0.80193403,0.39259010
0.80226803,0.39259010
0.80260203,0.41029080
0.80293603,0.41029080
0.80327003,0.41029080
0.80360403,0.39259010
0.80393803,0.41029080
0.80427203,0.41029080
0.80460603,0.41029080
0.80494003,0.41029080
0.80527403,0.42799160
0.80560803,0.42799160
0.80594203,0.42799160
0.80627603,0.42799160
0.80661003,0.42799160
0.80694403,0.44569230
0.80727803,0.42799160
0.80761203,0.42799160
0.80794603,0.42799160
0.80828003,0.44569230
0.80861403,0.44569230
0.80894803,0.44569230
0.80928203,0.44569230
0.80961603,0.44569230
0.80995003,0.46339300
0.81028403,0.44569230
0.81061803,0.44569230
0.81095203,0.44569230
0.81128603,0.46339300
0.81162003,0.46339300
0.81195403,0.46339300
0.81228803,0.46339300
0.81262203,0.46339300
0.81295603,0.46339300
0.81329003,0.46339300
0.81362403,0.46339300
0.81395803,0.48109380
0.81429203,0.46339300
0.81462603,0.46339300
0.81496003,0.46339300
0.81529403,0.48109380
0.81562803,0.48109380
0.81596203,0.46339300
0.81629603,0.48109380
0.81663003,0.46339300
0.81696403,0.48109380
0.81729803,0.48109380
0.81763203,0.48109380
0.81796603,0.48109380
0.81830003,0.48109380
0.81863403,0.48109380
0.81896803,0.48109380
0.81930203,0.48109380
0.81963603,0.49879450
0.81997003,0.49879450
0.82030403,0.49879450
0.82063803,0.49879450
0.82097203,0.49879450
0.82130603,0.51643420
0.82164003,0.51643420
0.82197403,0.51643420
0.82230803,0.51643420
0.82264203,0.51643420
0.82297603,0.51643420
0.82331003,0.51643420
0.82364403,0.51643420
0.82397803,0.51643420
0.82431203,0.51643420
0.82464603,0.51643420
0.82498003,0.51643420
0.82531403,0.53413490
0.82564803,0.53413490
0.82598203,0.53413490
0.82631603,0.53413490
0.82665003,0.53413490
0.82698403,0.53413490
0.82731803,0.53413490
0.82765203,0.55183570
0.82798603,0.53413490
0.82832003,0.53413490
0.82865403,0.55183570
0.82898803,0.55183570
0.82932203,0.55183570
0.82965603,0.55183570
0.82999003,0.55183570
0.83032403,0.55183570
0.83065803,0.55183570
0.83099203,0.55183570
0.83132603,0.55183570
0.83166003,0.55183570
0.83199403,0.55183570
0.83232803,0.55183570
0.83266203,0.55183570
0.83299603,0.55183570
0.83333003,0.56953640
0.83366403,0.55183570
0.83399803,0.56953640
0.83433203,0.56953640
0.83466603,0.56953640
0.83500003,0.58723720
0.83533403,0.58723720
0.83566803,0.56953640
0.83600203,0.56953640
0.83633603,0.58723720
0.83667003,0.58723720
0.83700403,0.58723720
0.83733803,0.58723720
0.83767203,0.58723720
0.83800603,0.58723720
0.83834003,0.58723720
0.83867403,0.58723720
0.83900803,0.58723720
0.83934203,0.58723720
0.83967603,0.60493790
0.84001003,0.60493790
0.84034403,0.60493790
0.84067803,0.60493790
0.84101203,0.60493790
0.84134603,0.60493790
0.84168003,0.62263860
0.84201403,0.60493790
0.84234803,0.60493790
0.84268203,0.60493790
0.84301603,0.60493790
0.84335003,0.62263860
0.84368403,0.60493790
0.84401803,0.62263860
0.84435203,0.62263860
0.84468603,0.62263860
0.84502003,0.62263860
0.84535403,0.62263860
0.84568803,0.62263860
0.84602203,0.64033940
0.84635603,0.64033940
0.84669003,0.64033940
0.84702403,0.64033940
0.84735803,0.64033940
0.84769203,0.64033940
0.84802603,0.64033940
0.84836003,0.64033940
0.84869403,0.64033940
0.84902803,0.64033940
0.84936203,0.64033940
0.84969603,0.64033940
0.85003003,0.65804010
0.85036403,0.64033940
0.85069803,0.65804010
0.85103203,0.65804010
0.85136603,0.65804010
0.85170003,0.65804010
0.85203403,0.65804010
0.85236803,0.65804010
0.85270203,0.67574080
0.85303603,0.67574080
0.85337003,0.65804010
0.85370403,0.65804010
0.85403803,0.65804010
0.85437203,0.67574080
0.85470603,0.67574080
0.85504003,0.67574080
0.85537403,0.67574080
0.85570803,0.67574080
0.85604203,0.67574080
0.85637603,0.69344160
0.85671003,0.67574080
0.85704403,0.67574080
0.85737803,0.67574080
0.85771203,0.67574080
0.85804603,0.69344160
0.85838003,0.69344160
0.85871403,0.69344160
0.85904803,0.69344160
0.85938203,0.69344160
0.85971603,0.69344160
0.86005003,0.69344160
0.86038403,0.69344160
0.86071803,0.69344160
0.86105203,0.69344160
0.86138603,0.69344160
0.86172003,0.69344160
0.86205403,0.69344160
0.86238803,0.69344160
0.86272203,0.71114230
0.86305603,0.69344160
0.86339003,0.71114230
0.86372403,0.71114230
0.86405803,0.71114230
0.86439203,0.71114230
0.86472603,0.71114230
0.86506003,0.72884300
0.86539403,0.72884300
0.86572803,0.72884300
0.86606203,0.72884300
0.86639603,0.71114230
0.86673003,0.71114230
0.86706403,0.72884300
0.86739803,0.72884300
0.86773203,0.72884300
0.86806603,0.72884300
0.86840003,0.72884300
0.86873403,0.72884300
0.86906803,0.72884300
0.86940203,0.74654380
0.86973603,0.72884300
0.87007003,0.72884300
0.87040403,0.74654380
0.87073803,0.74654380
0.87107203,0.74654380
0.87140603,0.74654380
0.87174003,0.72884300
0.87207403,0.74654380
0.87240803,0.74654380
0.87274203,0.74654380
0.87307603,0.74654380
0.87341003,0.74654380
0.87374403,0.74654380
0.87407803,0.74654380
0.87441203,0.74654380
0.87474603,0.74654380
0.87508003,0.76424450
0.87541403,0.74654380
0.87574803,0.74654380
0.87608203,0.74654380
0.87641603,0.74654380
0.87675003,0.76424450
0.87708403,0.76424450
0.87741803,0.76424450
0.87775203,0.76424450
0.87808603,0.76424450
0.87842003,0.76424450
0.87875403,0.76424450
0.87908803,0.76424450
0.87942203,0.76424450
0.87975603,0.76424450
0.88009003,0.76424450
0.88042403,0.76424450
0.88075803,0.76424450
0.88109203,0.78194520
0.88142603,0.78194520
0.88176003,0.78194520
0.88209403,0.76424450
0.88242803,0.78194520
0.88276203,0.78194520
0.88309603,0.79964600
0.88343003,0.78194520
0.88376403,0.78194520
0.88409803,0.78194520
0.88443203,0.78194520
0.88476603,0.78194520
0.88510003,0.79964600
0.88543403,0.79964600
0.88576803,0.79964600
0.88610203,0.79964600
0.88643603,0.79964600
0.88677003,0.79964600
0.88710403,0.79964600
0.88743803,0.79964600
0.88777203,0.79964600
0.88810603,0.79964600
0.88844003,0.79964600
0.88877403,0.79964600
0.88910803,0.79964600
0.88944203,0.79964600
0.88977603,0.81734670
0.89011003,0.81734670
0.89044403,0.79964600
0.89077803,0.81734670
0.89111203,0.79964600
0.89144603,0.81734670
0.89178003,0.81734670
0.89211403,0.81734670
0.89244803,0.81734670
0.89278203,0.81734670
0.89311603,0.81734670
0.89345003,0.81734670
0.89378403,0.81734670
0.89411803,0.83504750
0.89445203,0.81734670
0.89478603,0.83504750
0.89512003,0.83504750
0.89545403,0.83504750
0.89578803,0.81734670
0.89612203,0.83504750
0.89645603,0.83504750
0.89679003,0.83504750
0.89712403,0.83504750
0.89745803,0.83504750
0.89779203,0.81734670
0.89812603,0.83504750
0.89846003,0.83504750
0.89879403,0.83504750
0.89912803,0.83504750
0.89946203,0.83504750
0.89979603,0.83504750
0.90013003,0.83504750
0.90046403,0.83504750
0.90079803,0.83504750
0.90113203,0.85274820
0.90146603,0.85274820
0.90180003,0.83504750
0.90213403,0.85274820
0.90246803,0.83504750
0.90280203,0.83504750
0.90313603,0.83504750
0.90347003,0.83504750
0.90380403,0.87044890
0.90413803,0.85274820
0.90447203,0.85274820
0.90480603,0.85274820
0.90514003,0.85274820
0.90547403,0.85274820
0.90580803,0.85274820
0.90614203,0.85274820
0.90647603,0.87044890
0.90681003,0.85274820
0.90714403,0.87044890
0.90747803,0.85274820
0.90781203,0.87044890
0.90814603,0.87044890
0.90848003,0.85274820
0.90881403,0.87044890
0.90914803,0.87044890
0.90948203,0.87044890
0.90981603,0.87044890
0.91015003,0.87044890
0.91048403,0.87044890
0.91081803,0.88814970
0.91115203,0.87044890
0.91148603,0.88814970
0.91182003,0.87044890
0.91215403,0.88814970
0.91248803,0.88814970
0.91282203,0.88814970
0.91315603,0.88814970
0.91349003,0.88814970
0.91382403,0.88814970
0.91415803,0.88814970
0.91449203,0.88814970
0.91482603,0.88814970
0.91516003,0.88814970
0.91549403,0.88814970
0.91582803,0.90585040
0.91616203,0.88814970
0.91649603,0.88814970
0.91683003,0.88814970
0.91716403,0.88814970
0.91749803,0.88814970
0.91783203,0.88814970
0.91816603,0.88814970
0.91850003,0.90585040
0.91883403,0.90585040
0.91916803,0.88814970
0.91950203,0.90585040
0.91983603,0.88814970
0.92017003,0.88814970
0.92050403,0.88814970
0.92083803,0.88814970
0.92117203,0.90585040
0.92150603,0.90585040
0.92184003,0.90585040
0.92217403,0.90585040
0.92250803,0.90585040
0.92284203,0.90585040
0.92317603,0.90585040
0.92351003,0.90585040
0.92384403,0.90585040
0.92417803,0.88814970
0.92451203,0.90585040
0.92484603,0.90585040
0.92518003,0.90585040
0.92551403,0.90585040
0.92584803,0.90585040
0.92618203,0.90585040
0.92651603,0.90585040
0.92685003,0.92355110
0.92718403,0.90585040
0.92751803,0.92355110
0.92785203,0.90585040
0.92818603,0.92355110
0.92852003,0.92355110
0.92885403,0.92355110
0.92918803,0.92355110
0.92952203,0.90585040
0.92985603,0.90585040
0.93019003,0.92355110
0.93052403,0.92355110
0.93085803,0.92355110
0.93119203,0.92355110
0.93152603,0.92355110
0.93186003,0.92355110
0.93219403,0.94125190
0.93252803,0.94125190
0.93286203,0.94125190
0.93319603,0.92355110
0.93353003,0.92355110
0.93386403,0.92355110
0.93419803,0.94125190
0.93453203,0.92355110
0.93486603,0.94125190
0.93520003,0.94125190
0.93553403,0.92355110
0.93586803,0.94125190
0.93620203,0.94125190
0.93653603,0.94125190
0.93687003,0.94125190
0.93720403,0.94125190
0.93753803,0.94125190
0.93787203,0.94125190
0.93820603,0.94125190
0.93854003,0.94125190
0.93887403,0.94125190
0.93920803,0.94125190
0.93954203,0.94125190
0.93987603,0.94125190
0.94021003,0.95895260
0.94054403,0.94125190
0.94087803,0.94125190
0.94121203,0.94125190
0.94154603,0.95895260
0.94188003,0.94125190
0.94221403,0.94125190
0.94254803,0.94125190
0.94288203,0.94125190
0.94321603,0.94125190
0.94355003,0.94125190
0.94388403,0.95895260
0.94421803,0.94125190
0.94455203,0.94125190
0.94488603,0.95895260
0.94522003,0.95895260
0.94555403,0.95895260
0.94588803,0.95895260
0.94622203,0.95895260
0.94655603,0.95895260
0.94689003,0.95895260
0.94722403,0.95895260
0.94755803,0.95895260
0.94789203,0.95895260
0.94822603,0.95895260
0.94856003,0.95895260
0.94889403,0.95895260
0.94922803,0.95895260
0.94956203,0.95895260
0.94989603,0.94125190
0.95023003,0.95895260
0.95056403,0.95895260
0.95089803,0.95895260
0.95123203,0.95895260
0.95156603,0.95895260
0.95190003,0.95895260
0.95223403,0.95895260
0.95256803,0.95895260
0.95290203,0.95895260
0.95323603,0.95895260
0.95357003,0.95895260
0.95390403,0.95895260
0.95423803,0.95895260
0.95457203,0.95895260
0.95490603,0.95895260
0.95524003,0.95895260
0.95557403,0.95895260
0.95590803,0.95895260
0.95624203,0.95895260
0.95657603,0.97665330
0.95691003,0.97665330
0.95724403,0.95895260
0.95757803,0.95895260
0.95791203,0.97665330
0.95824603,0.97665330
0.95858003,0.97665330
0.95891403,0.97665330
0.95924803,0.97665330
0.95958203,0.97665330
0.95991603,0.97665330
0.96025003,0.95895260
0.96058403,0.97665330
0.96091803,0.97665330
0.96125203,0.97665330
0.96158603,0.97665330
0.96192003,0.95895260
0.96225403,0.97665330
0.96258803,0.97665330
0.96292203,0.97665330
0.96325603,0.95895260
0.96359003,0.97665330
0.96392403,0.95895260
0.96425803,0.97665330
0.96459203,0.95895260
0.96492603,0.97665330
0.96526003,0.97665330
0.96559403,0.97665330
0.96592803,0.97665330
0.96626203,0.97665330
0.96659603,0.97665330
0.96693003,0.97665330
0.96726403,0.97665330
0.96759803,0.97665330
0.96793203,0.97665330
0.96826603,0.97665330
0.96860003,0.97665330
0.96893403,0.97665330
0.96926803,0.97665330
0.96960203,0.97665330
0.96993603,0.97665330
0.97027003,0.97665330
0.97060403,0.97665330
0.97093803,0.97665330
0.97127203,0.97665330
0.97160603,0.97665330
0.97194003,0.97665330
0.97227403,0.97665330
0.97260803,0.97665330
0.97294203,0.97665330
0.97327603,0.97665330
0.97361003,0.97665330
0.97394403,0.97665330
0.97427803,0.97665330
0.97461203,0.97665330
0.97494603,0.97665330
0.97528003,0.97665330
0.97561403,0.97665330
0.97594803,0.97665330
0.97628203,0.97665330
0.97661603,0.97665330
0.97695003,0.97665330
0.97728403,0.97665330
0.97761803,0.97665330
0.97795203,0.97665330
0.97828603,0.97665330
0.97862003,0.97665330
0.97895403,0.97665330
0.97928803,0.97665330
0.97962203,0.97665330
0.97995603,0.97665330
0.98029003,0.97665330
0.98062403,0.97665330
0.98095803,0.97665330
0.98129203,0.97665330
0.98162603,0.97665330
0.98196003,0.97665330
0.98229403,0.97665330
0.98262803,0.97665330
0.98296203,0.97665330
0.98329603,0.97665330
0.98363003,0.97665330
0.98396403,0.97665330
0.98429803,0.97665330
0.98463203,0.97665330
0.98496603,0.97665330
0.98530003,0.97665330
0.98563403,0.97665330
0.98596803,0.97665330
0.98630203,0.97665330
0.98663603,0.97665330
0.98697003,0.97665330
0.98730403,0.97665330
0.98763803,0.97665330
0.98797203,0.97665330
0.98830603,0.97665330
0.98864003,0.97665330
0.98897403,0.97665330
0.98930803,0.97665330
0.98964203,0.97665330
0.98997603,0.97665330
0.99031003,0.97665330
0.99064403,0.97665330
0.99097803,0.97665330
0.99131203,0.97665330
0.99164603,0.97665330
0.99198003,0.97665330
0.99231403,0.97665330
0.99264803,0.97665330
0.99298203,0.97665330
0.99331603,0.97665330
0.99365003,0.97665330
0.99398403,0.97665330
0.99431803,0.97665330
0.99465203,0.97665330
0.99498603,0.97665330
0.99532003,0.95895260
0.99565403,0.97665330
0.99598803,0.97665330
0.99632203,0.97665330
0.99665603,0.97665330
0.99699003,0.97665330
0.99732403,0.97665330
0.99765803,0.97665330
0.99799203,0.97665330
0.99832603,0.97665330
0.99866003,0.97665330
0.99899403,0.97665330
0.99932803,0.97665330
0.99966203,0.97665330
0.99999603,0.97665330
1.00033003,0.97665330
1.00066403,0.97665330
1.00099803,0.97665330
1.00133203,0.97665330
1.00166603,0.97665330
1.00200003,0.97665330
1.00233403,0.97665330
1.00266803,0.97665330
1.00300203,0.97665330
1.00333603,0.97665330
1.00367003,0.97665330
1.00400403,0.97665330
1.00433803,0.97665330
1.00467203,0.97665330
1.00500603,0.97665330
1.00534003,0.97665330
1.00567403,0.97665330
1.00600803,0.97665330
1.00634203,0.95895260
1.00667603,0.97665330
1.00701003,0.97665330
1.00734403,0.97665330
1.00767803,0.95895260
1.00801203,0.95895260
1.00834603,0.95895260
1.00868003,0.97665330
1.00901403,0.95895260
1.00934803,0.97665330
1.00968203,0.97665330
1.01001603,0.97665330
1.01035003,0.97665330
1.01068403,0.97665330
1.01101803,0.95895260
1.01135203,0.95895260
1.01168603,0.95895260
1.01202003,0.97665330
1.01235403,0.95895260
1.01268803,0.97665330
1.01302203,0.97665330
1.01335603,0.95895260
1.01369003,0.95895260
1.01402403,0.95895260
1.01435803,0.95895260
1.01469203,0.95895260
1.01502603,0.95895260
1.01536003,0.95895260
1.01569403,0.95895260
1.01602803,0.95895260
1.01636203,0.95895260
1.01669603,0.95895260
1.01703003,0.95895260
1.01736403,0.95895260
1.01769803,0.95895260
1.01803203,0.95895260
1.01836603,0.95895260
1.01870003,0.95895260
1.01903403,0.95895260
1.01936803,0.95895260
1.01970203,0.95895260
1.02003603,0.95895260
1.02037003,0.95895260
1.02070403,0.95895260
1.02103803,0.95895260
1.02137203,0.95895260
1.02170603,0.94125190
1.02204003,0.95895260
1.02237403,0.95895260
1.02270803,0.95895260
1.02304203,0.95895260
1.02337603,0.94125190
1.02371003,0.95895260
1.02404403,0.95895260
1.02437803,0.94125190
1.02471203,0.95895260
1.02504603,0.95895260
1.02538003,0.95895260
1.02571403,0.95895260
1.02604803,0.94125190
1.02638203,0.95895260
1.02671603,0.94125190
1.02705003,0.94125190
1.02738403,0.94125190
1.02771803,0.94125190
1.02805203,0.94125190
1.02838603,0.94125190
1.02872003,0.94125190
1.02905403,0.94125190
1.02938803,0.94125190
1.02972203,0.94125190
1.03005603,0.94125190
1.03039003,0.94125190
1.03072403,0.94125190
1.03105803,0.94125190
1.03139203,0.94125190
1.03172603,0.94125190
1.03206003,0.94125190
1.03239403,0.94125190
1.03272803,0.94125190
1.03306203,0.94125190
1.03339603,0.94125190
1.03373003,0.92355110
1.03406403,0.92355110
1.03439803,0.94125190
1.03473203,0.92355110
1.03506603,0.92355110
1.03540003,0.92355110
1.03573403,0.94125190
1.03606803,0.90585040
1.03640203,0.92355110
1.03673603,0.94125190
1.03707003,0.92355110
1.03740403,0.92355110
1.03773803,0.92355110
1.03807203,0.92355110
1.03840603,0.92355110
1.03874003,0.90585040
1.03907403,0.92355110
1.03940803,0.92355110
1.03974203,0.92355110
1.04007603,0.90585040
1.04041003,0.90585040
1.04074403,0.92355110
1.04107803,0.92355110
1.04141203,0.90585040
1.04174603,0.92355110
1.04208003,0.90585040
1.04241403,0.90585040
1.04274803,0.92355110
1.04308204,0.90585040
1.04341604,0.90585040
1.04375004,0.90585040
1.04408404,0.90585040
1.04441804,0.90585040
1.04475204,0.90585040
1.04508604,0.90585040
1.04542004,0.90585040
1.04575404,0.90585040
1.04608804,0.88814970
1.04642204,0.90585040
1.04675604,0.90585040
1.04709004,0.90585040
1.04742404,0.90585040
1.04775804,0.90585040
1.04809204,0.90585040
1.04842604,0.90585040
1.04876004,0.90585040
1.04909404,0.88814970
1.04942804,0.88814970
1.04976204,0.88814970
1.05009604,0.90585040
1.05043004,0.88814970
1.05076404,0.90585040
1.05109804,0.88814970
1.05143204,0.88814970
1.05176604,0.88814970
1.05210004,0.88814970
1.05243404,0.88814970
1.05276804,0.88814970
1.05310204,0.88814970
1.05343604,0.88814970
1.05377004,0.88814970
1.05410404,0.88814970
1.05443804,0.88814970
1.05477204,0.88814970
1.05510604,0.88814970
1.05544004,0.88814970
1.05577404,0.88814970
1.05610804,0.88814970
1.05644204,0.88814970
1.05677604,0.88814970
1.05711004,0.88814970
1.05744404,0.88814970
1.05777804,0.87044890
1.05811204,0.87044890
1.05844604,0.87044890
1.05878004,0.87044890
1.05911404,0.87044890
1.05944804,0.88814970
1.05978204,0.87044890
1.06011604,0.87044890
1.06045004,0.87044890
1.06078404,0.87044890
1.06111804,0.85274820
1.06145204,0.87044890
1.06178604,0.85274820
1.06212004,0.85274820
1.06245404,0.87044890
1.06278804,0.85274820
1.06312204,0.85274820
1.06345604,0.85274820
1.06379004,0.85274820
1.06412404,0.85274820
1.06445804,0.85274820
1.06479204,0.85274820
1.06512604,0.85274820
1.06546004,0.85274820
1.06579404,0.85274820
1.06612804,0.85274820
1.06646204,0.83504750
1.06679604,0.83504750
1.06713004,0.83504750
1.06746404,0.83504750
1.06779804,0.83504750
1.06813204,0.83504750
1.06846604,0.83504750
1.06880004,0.83504750
1.06913404,0.83504750
1.06946804,0.83504750
1.06980204,0.83504750
1.07013604,0.83504750
1.07047004,0.83504750
1.07080404,0.83504750
1.07113804,0.83504750
1.07147204,0.83504750
1.07180604,0.83504750
1.07214004,0.83504750
1.07247404,0.83504750
1.07280804,0.83504750
1.07314204,0.83504750
1.07347604,0.81734670
1.07381004,0.81734670
1.07414404,0.81734670
1.07447804,0.83504750
1.07481204,0.83504750
1.07514604,0.81734670
1.07548004,0.83504750
1.07581404,0.81734670
1.07614804,0.81734670
1.07648204,0.81734670
1.07681604,0.81734670
1.07715004,0.81734670
1.07748404,0.81734670
1.07781804,0.81734670
1.07815204,0.81734670
1.07848604,0.81734670
1.07882004,0.81734670
1.07915404,0.81734670
1.07948804,0.81734670
1.07982204,0.81734670
1.08015604,0.81734670
1.08049004,0.81734670
1.08082404,0.79964600
1.08115804,0.79964600
1.08149204,0.79964600
1.08182604,0.79964600
1.08216004,0.79964600
1.08249404,0.79964600
1.08282804,0.79964600
1.08316204,0.79964600
1.08349604,0.79964600
1.08383004,0.79964600
1.08416404,0.78194520
1.08449804,0.79964600
1.08483204,0.79964600
1.08516604,0.78194520
1.08550004,0.76424450
1.08583404,0.79964600
1.08616804,0.78194520
1.08650204,0.79964600
1.08683604,0.79964600
1.08717004,0.78194520
1.08750404,0.78194520
1.08783804,0.78194520
1.08817204,0.76424450
1.08850604,0.78194520
1.08884004,0.78194520
1.08917404,0.76424450
1.08950804,0.76424450
1.08984204,0.76424450
1.09017604,0.76424450
1.09051004,0.76424450
1.09084404,0.76424450
1.09117804,0.76424450
1.09151204,0.76424450
1.09184604,0.76424450
1.09218004,0.76424450
1.09251404,0.76424450
1.09284804,0.76424450
1.09318204,0.76424450
1.09351604,0.74654380
1.09385004,0.74654380
1.09418404,0.76424450
1.09451804,0.74654380
1.09485204,0.76424450
1.09518604,0.76424450
1.09552004,0.74654380
1.09585404,0.74654380
1.09618804,0.74654380
1.09652204,0.74654380
1.09685604,0.74654380
1.09719004,0.74654380
1.09752404,0.74654380
1.09785804,0.74654380
1.09819204,0.74654380
1.09852604,0.74654380
1.09886004,0.74654380
1.09919404,0.72884300
1.09952804,0.74654380
1.09986204,0.74654380
1.10019604,0.74654380
1.10053004,0.72884300
1.10086404,0.72884300
1.10119804,0.72884300
1.10153204,0.72884300
1.10186604,0.72884300
1.10220004,0.72884300
1.10253404,0.72884300
1.10286804,0.72884300
1.10320204,0.71114230
1.10353604,0.72884300
1.10387004,0.71114230
1.10420404,0.72884300
1.10453804,0.71114230
1.10487204,0.71114230
1.10520604,0.71114230
1.10554004,0.71114230
1.10587404,0.71114230
1.10620804,0.71114230
1.10654204,0.69344160
1.10687604,0.69344160
1.10721004,0.69344160
1.10754404,0.69344160
1.10787804,0.69344160
1.10821204,0.69344160
1.10854604,0.69344160
1.10888004,0.69344160
1.10921404,0.69344160
1.10954804,0.69344160
1.10988204,0.69344160
1.11021604,0.69344160
1.11055004,0.69344160
1.11088404,0.69344160
1.11121804,0.69344160
1.11155204,0.69344160
1.11188604,0.69344160
1.11222004,0.69344160
1.11255404,0.67574080
1.11288804,0.67574080
1.11322204,0.67574080
1.11355604,0.69344160
1.11389004,0.67574080
1.11422404,0.65804010
1.11455804,0.67574080
1.11489204,0.67574080
1.11522604,0.67574080
1.11556004,0.67574080
1.11589404,0.65804010
1.11622804,0.65804010
1.11656204,0.67574080
1.11689604,0.65804010
1.11723004,0.67574080
1.11756404,0.65804010
1.11789804,0.65804010
1.11823204,0.65804010
1.11856604,0.65804010
1.11890004,0.65804010
1.11923404,0.64033940
1.11956804,0.64033940
1.11990204,0.65804010
1.12023604,0.65804010
1.12057004,0.64033940
1.12090404,0.64033940
1.12123804,0.64033940
1.12157204,0.64033940
1.12190604,0.64033940
1.12224004,0.62263860
1.12257404,0.64033940
1.12290804,0.64033940
1.12324204,0.62263860
1.12357604,0.62263860
1.12391004,0.64033940
1.12424404,0.62263860
1.12457804,0.62263860
1.12491204,0.62263860
1.12524604,0.62263860
1.12558004,0.62263860
1.12591404,0.62263860
1.12624804,0.62263860
1.12658204,0.60493790
1.12691604,0.62263860
1.12725004,0.62263860
1.12758404,0.62263860
1.12791804,0.60493790
1.12825204,0.60493790
1.12858604,0.60493790
1.12892004,0.60493790
1.12925404,0.58723720
1.12958804,0.58723720
1.12992204,0.60493790
1.13025604,0.60493790
1.13059004,0.58723720
1.13092404,0.58723720
1.13125804,0.58723720
1.13159204,0.58723720
1.13192604,0.58723720
1.13226004,0.58723720
1.13259404,0.58723720
1.13292804,0.58723720
1.13326204,0.58723720
1.13359604,0.58723720
1.13393004,0.58723720
1.13426404,0.58723720
1.13459804,0.56953640
1.13493204,0.58723720
1.13526604,0.56953640
1.13560004,0.56953640
1.13593404,0.56953640
1.13626804,0.56953640
1.13660204,0.56953640
1.13693604,0.55183570
1.13727004,0.55183570
1.13760404,0.56953640
1.13793804,0.56953640
1.13827204,0.55183570
1.13860604,0.55183570
1.13894004,0.55183570
1.13927404,0.55183570
1.13960804,0.55183570
1.13994204,0.55183570
1.14027604,0.55183570
1.14061004,0.55183570
1.14094404,0.55183570
1.14127804,0.55183570
1.14161204,0.53413490
1.14194604,0.53413490
1.14228004,0.53413490
1.14261404,0.53413490
1.14294804,0.53413490
1.14328204,0.53413490
1.14361604,0.53413490
1.14395004,0.53413490
1.14428404,0.53413490
1.14461804,0.51643420
1.14495204,0.53413490
1.14528604,0.53413490
1.14562004,0.51643420
1.14595404,0.51643420
1.14628804,0.51643420
1.14662204,0.51643420
1.14695604,0.51643420
1.14729004,0.49879450
1.14762404,0.49879450
1.14795804,0.51643420
1.14829204,0.51643420
1.14862604,0.51643420
1.14896004,0.49879450
1.14929404,0.49879450
1.14962804,0.49879450
1.14996204,0.49879450
1.15029604,0.48109380
1.15063004,0.48109380
1.15096404,0.49879450
1.15129804,0.49879450
1.15163204,0.48109380
1.15196604,0.48109380
1.15230004,0.48109380
1.15263404,0.48109380
1.15296804,0.48109380
1.15330204,0.48109380
1.15363604,0.46339300
1.15397004,0.46339300
1.15430404,0.48109380
1.15463804,0.46339300
1.15497204,0.46339300
1.15530604,0.46339300
1.15564004,0.46339300
1.15597404,0.46339300
1.15630804,0.46339300
1.15664204,0.46339300
1.15697604,0.46339300
1.15731004,0.46339300
1.15764404,0.46339300
1.15797804,0.44569230
1.15831204,0.46339300
1.15864604,0.46339300
1.15898004,0.46339300
1.15931404,0.44569230
1.15964804,0.44569230
1.15998204,0.44569230
1.16031604,0.42799160
1.16065004,0.44569230
1.16098404,0.42799160
1.16131804,0.44569230
1.16165204,0.42799160
1.16198604,0.42799160
1.16232004,0.42799160
1.16265404,0.42799160
1.16298804,0.42799160
1.16332204,0.42799160
1.16365604,0.41029080
1.16399004,0.42799160
1.16432404,0.41029080
1.16465804,0.42799160
1.16499204,0.42799160
1.16532604,0.41029080
1.16566004,0.41029080
1.16599404,0.41029080
1.16632804,0.41029080
1.16666204,0.41029080
1.16699604,0.41029080
1.16733004,0.41029080
1.16766404,0.41029080
1.16799804,0.41029080
1.16833204,0.39259010
1.16866604,0.39259010
1.16900004,0.39259010
1.16933404,0.39259010
1.16966804,0.39259010
1.17000204,0.39259010
1.17033604,0.39259010
1.17067004,0.39259010
1.17100404,0.37488940
1.17133804,0.39259010
1.17167204,0.37488940
1.17200604,0.39259010
1.17234004,0.37488940
1.17267404,0.37488940
1.17300804,0.37488940
1.17334204,0.37488940
1.17367604,0.37488940
1.17401004,0.37488940
1.17434404,0.37488940
1.17467804,0.35718860
1.17501204,0.35718860
1.17534604,0.35718860
1.17568004,0.35718860
1.17601404,0.35718860
1.17634804,0.35718860
1.17668204,0.33948790
1.17701604,0.33948790
1.17735004,0.33948790
1.17768404,0.35718860
1.17801804,0.35718860
1.17835204,0.33948790
1.17868604,0.33948790
1.17902004,0.33948790
1.17935404,0.32178720
1.17968804,0.32178720
1.18002204,0.32178720
1.18035604,0.33948790
1.18069004,0.32178720
1.18102404,0.32178720
1.18135804,0.32178720
1.18169204,0.32178720
1.18202604,0.32178720
1.18236004,0.32178720
1.18269404,0.32178720
1.18302804,0.30408640
1.18336204,0.32178720
1.18369604,0.30408640
1.18403004,0.30408640
1.18436404,0.30408640
1.18469804,0.30408640
1.18503204,0.30408640
1.18536604,0.30408640
1.18570004,0.28638570
1.18603404,0.30408640
1.18636804,0.28638570
1.18670204,0.28638570
1.18703604,0.26868500
1.18737004,0.28638570
1.18770404,0.26868500
1.18803804,0.28638570
1.18837204,0.28638570
1.18870604,0.26868500
1.18904004,0.26868500
1.18937404,0.26868500
1.18970804,0.26868500
1.19004204,0.26868500
1.19037604,0.26868500
1.19071004,0.26868500
1.19104404,0.26868500
1.19137804,0.26868500
1.19171204,0.25098420
1.19204604,0.25098420
1.19238004,0.25098420
1.19271404,0.26868500
1.19304804,0.25098420
1.19338204,0.25098420
1.19371604,0.25098420
1.19405004,0.25098420
1.19438404,0.23328350
1.19471804,0.25098420
1.19505204,0.23328350
1.19538604,0.23328350
1.19572004,0.23328350
1.19605404,0.23328350
1.19638804,0.25098420
1.19672204,0.23328350
1.19705604,0.23328350
1.19739004,0.23328350
1.19772404,0.23328350
1.19805804,0.23328350
1.19839204,0.21558280
1.19872604,0.21558280
1.19906004,0.21558280
1.19939404,0.21558280
1.19972804,0.19788200
1.20006204,0.19788200
1.20039604,0.19788200
1.20073004,0.19788200
1.20106404,0.19788200
1.20139804,0.19788200
1.20173204,0.19788200
1.20206604,0.19788200
1.20240004,0.19788200
1.20273404,0.19788200
1.20306804,0.19788200
1.20340204,0.18018130
1.20373604,0.18018130
1.20407004,0.18018130
1.20440404,0.18018130
1.20473804,0.18018130
1.20507204,0.18018130
1.20540604,0.18018130
1.20574004,0.18018130
1.20607404,0.18018130
1.20640804,0.18018130
1.20674204,0.18018130
1.20707604,0.18018130
1.20741004,0.16248050
1.20774404,0.16248050
1.20807804,0.18018130
1.20841204,0.16248050
1.20874604,0.16248050
1.20908004,0.16248050
1.20941404,0.16248050
1.20974804,0.14477980
1.21008204,0.14477980
1.21041604,0.14477980
1.21075004,0.14477980
1.21108404,0.14477980
1.21141804,0.14477980
1.21175204,0.14477980
1.21208604,0.14477980
1.21242004,0.12707910
1.21275404,0.12707910
1.21308804,0.12707910
1.21342204,0.14477980
1.21375604,0.10937830
1.21409004,0.12707910
1.21442404,0.12707910
1.21475804,0.12707910
1.21509204,0.10937830
1.21542604,0.12707910
1.21576004,0.12707910
1.21609404,0.10937830
1.21642804,0.10937830
1.21676204,0.10937830
1.21709604,0.10937830
1.21743004,0.09167761
1.21776404,0.10937830
1.21809804,0.10937830
1.21843204,0.10937830
1.21876604,0.09167761
1.21910004,0.09167761
1.21943404,0.09167761
1.21976804,0.10937830
1.22010204,0.09167761
1.22043604,0.09167761
1.22077004,0.09167761
1.22110404,0.09167761
1.22143804,0.09167761
1.22177204,0.07397687
1.22210604,0.07397687
1.22244004,0.05627613
1.22277404,0.07397687
1.22310804,0.07397687
1.22344204,0.07397687
1.22377604,0.05627613
1.22411004,0.05627613
1.22444404,0.05627613
1.22477804,0.05627613
1.22511204,0.05627613
1.22544604,0.05627613
1.22578004,0.05627613
1.22611404,0.03857540
1.22644804,0.05627613
1.22678204,0.03857540
1.22711604,0.03857540
1.22745004,0.03857540
1.22778404,0.03857540
1.22811804,0.03857540
1.22845204,0.03857540
1.22878604,0.03857540
1.22912004,0.02087466
1.22945404,0.03857540
1.22978804,0.03857540
1.23012204,0.02087466
1.23045604,0.02087466
1.23079004,0.02087466
1.23112404,0.02087466
1.23145804,0.02087466
1.23179204,0.02087466
1.23212604,0.00317393
1.23246004,0.00317393
1.23279404,0.00317393
1.23312804,0.02087466
1.23346204,0.00317393
1.23379604,0.00317393
1.23413004,0.00317393
1.23446404,-0.01452681
1.23479804,-0.01452681
1.23513204,-0.01452681
1.23546604,-0.01452681
1.23580004,-0.01452681
1.23613404,-0.01452681
1.23646804,-0.01452681
1.23680204,-0.01452681
1.23713604,-0.01452681
1.23747004,-0.01452681
1.23780404,-0.03222755
1.23813804,-0.01452681
1.23847204,-0.01452681
1.23880604,-0.01452681
1.23914004,-0.03222755
1.23947404,-0.03222755
1.23980804,-0.03222755
1.24014204,-0.03222755
1.24047604,-0.03222755
1.24081004,-0.03222755
1.24114404,-0.03222755
1.24147804,-0.04992828
1.24181204,-0.03222755
1.24214604,-0.04992828
1.24248004,-0.03222755
1.24281404,-0.04992828
1.24314804,-0.04992828
1.24348204,-0.04992828
1.24381604,-0.06756798
1.24415004,-0.06756798
1.24448404,-0.06756798
1.24481804,-0.04992828
1.24515204,-0.06756798
1.24548604,-0.06756798
1.24582004,-0.06756798
1.24615404,-0.06756798
1.24648804,-0.08520768
1.24682204,-0.08520768
1.24715604,-0.08520768
1.24749004,-0.06756798
1.24782404,-0.08520768
1.24815804,-0.08520768
1.24849204,-0.08520768
1.24882604,-0.08520768
1.24916004,-0.08520768
1.24949404,-0.10290840
1.24982804,-0.08520768
1.25016204,-0.10290840
1.25049604,-0.10290840
1.25083004,-0.10290840
1.25116404,-0.10290840
1.25149804,-0.12060910
1.25183204,-0.10290840
1.25216604,-0.10290840
1.25250004,-0.10290840
1.25283404,-0.12060910
1.25316804,-0.12060910
1.25350204,-0.12060910
1.25383604,-0.12060910
1.25417004,-0.12060910
1.25450404,-0.12060910
1.25483804,-0.12060910
1.25517204,-0.12060910
1.25550604,-0.12060910
1.25584004,-0.13830990
1.25617404,-0.12060910
1.25650804,-0.13830990
1.25684204,-0.13830990
1.25717604,-0.12060910
1.25751004,-0.13830990
1.25784404,-0.15601060
1.25817804,-0.13830990
1.25851204,-0.13830990
1.25884604,-0.13830990
1.25918004,-0.15601060
1.25951404,-0.15601060
1.25984804,-0.15601060
1.26018204,-0.17371140
1.26051604,-0.15601060
1.26085004,-0.15601060
1.26118404,-0.15601060
1.26151804,-0.15601060
1.26185204,-0.17371140
1.26218604,-0.17371140
1.26252004,-0.17371140
1.26285404,-0.17371140
1.26318804,-0.17371140
1.26352204,-0.17371140
1.26385604,-0.17371140
1.26419004,-0.17371140
1.26452404,-0.17371140
1.26485804,-0.17371140
1.26519204,-0.19141210
1.26552604,-0.19141210
1.26586004,-0.19141210
1.26619404,-0.19141210
1.26652804,-0.19141210
1.26686204,-0.20911280
1.26719604,-0.19141210
1.26753004,-0.19141210
1.26786404,-0.19141210
1.26819804,-0.20911280
1.26853204,-0.20911280
1.26886604,-0.20911280
1.26920004,-0.20911280
1.26953404,-0.20911280
1.26986804,-0.20911280
1.27020204,-0.20911280
1.27053604,-0.22681360
1.27087004,-0.22681360
1.27120404,-0.22681360
1.27153804,-0.22681360
1.27187204,-0.24451430
1.27220604,-0.22681360
1.27254004,-0.24451430
1.27287404,-0.22681360
1.27320804,-0.24451430
1.27354204,-0.24451430
1.27387604,-0.24451430
1.27421004,-0.24451430
1.27454404,-0.24451430
1.27487804,-0.24451430
1.27521204,-0.24451430
1.27554604,-0.24451430
1.27588004,-0.24451430
1.27621404,-0.24451430
1.27654804,-0.26221500
1.27688204,-0.24451430
1.27721604,-0.26221500
1.27755004,-0.26221500
1.27788404,-0.26221500
1.27821804,-0.27991580
1.27855204,-0.27991580
1.27888604,-0.26221500
1.27922004,-0.27991580
1.27955404,-0.27991580
1.27988804,-0.29761650
1.28022204,-0.29761650
1.28055604,-0.29761650
1.28089004,-0.27991580
1.28122404,-0.29761650
1.28155804,-0.29761650
1.28189204,-0.29761650
1.28222604,-0.27991580
1.28256004,-0.29761650
1.28289404,-0.29761650
1.28322804,-0.29761650
1.28356204,-0.29761650
1.28389604,-0.31531720
1.28423004,-0.31531720
1.28456404,-0.29761650
1.28489804,-0.31531720
1.28523204,-0.31531720
1.28556604,-0.31531720
1.28590004,-0.31531720
1.28623404,-0.33301800
1.28656804,-0.31531720
1.28690204,-0.31531720
1.28723604,-0.31531720
1.28757004,-0.33301800
1.28790404,-0.33301800
1.28823804,-0.33301800
1.28857204,-0.33301800
1.28890604,-0.33301800
1.28924004,-0.33301800
1.28957404,-0.33301800
1.28990804,-0.33301800
1.29024204,-0.35071870
1.29057604,-0.35071870
1.29091004,-0.35071870
1.29124404,-0.35071870
1.29157804,-0.35071870
1.29191204,-0.35071870
1.29224604,-0.35071870
1.29258004,-0.35071870
1.29291404,-0.36841940
1.29324804,-0.35071870
1.29358204,-0.36841940
1.29391604,-0.35071870
1.29425004,-0.36841940
1.29458404,-0.36841940
1.29491804,-0.36841940
1.29525204,-0.36841940
1.29558604,-0.36841940
1.29592004,-0.36841940
1.29625404,-0.36841940
1.29658804,-0.36841940
1.29692204,-0.38612020
1.29725604,-0.38612020
1.29759004,-0.38612020
1.29792404,-0.38612020
1.29825804,-0.38612020
1.29859204,-0.38612020
1.29892604,-0.38612020
1.29926004,-0.38612020
1.29959404,-0.38612020
1.29992804,-0.38612020
1.30026204,-0.38612020
1.30059604,-0.40382090
1.30093004,-0.40382090
1.30126404,-0.40382090
1.30159804,-0.40382090
1.30193204,-0.40382090
1.30226604,-0.40382090
1.30260004,-0.40382090
1.30293404,-0.40382090
1.30326804,-0.40382090
1.30360204,-0.42152170
1.30393604,-0.42152170
1.30427004,-0.42152170
1.30460404,-0.42152170
1.30493804,-0.42152170
1.30527204,-0.42152170
1.30560604,-0.43922240
1.30594004,-0.43922240
1.30627404,-0.43922240
1.30660804,-0.43922240
1.30694204,-0.43922240
1.30727604,-0.43922240
1.30761004,-0.43922240
1.30794404,-0.43922240
1.30827804,-0.43922240
1.30861204,-0.43922240
1.30894604,-0.43922240
1.30928004,-0.45692310
1.30961404,-0.43922240
1.30994804,-0.43922240
1.31028204,-0.45692310
1.31061604,-0.45692310
1.31095004,-0.45692310
1.31128404,-0.45692310
1.31161804,-0.45692310
1.31195204,-0.45692310
1.31228604,-0.45692310
1.31262004,-0.45692310
1.31295404,-0.45692310
1.31328804,-0.47462390
1.31362204,-0.47462390
1.31395604,-0.45692310
1.31429004,-0.47462390
1.31462404,-0.47462390
1.31495804,-0.47462390
1.31529204,-0.49232460
1.31562604,-0.49232460
1.31596004,-0.47462390
1.31629404,-0.47462390
1.31662804,-0.49232460
1.31696204,-0.49232460
1.31729604,-0.49232460
1.31763004,-0.49232460
1.31796404,-0.49232460
1.31829804,-0.49232460
1.31863204,-0.49232460
1.31896604,-0.51002530
1.31930004,-0.49232460
1.31963404,-0.51002530
1.31996804,-0.51002530
1.32030204,-0.51002530
1.32063604,-0.51002530
1.32097004,-0.51002530
1.32130404,-0.51002530
1.32163804,-0.51002530
1.32197204,-0.51002530
1.32230604,-0.51002530
1.32264004,-0.52772610
1.32297404,-0.52772610
1.32330804,-0.51002530
1.32364204,-0.52772610
1.32397604,-0.52772610
1.32431004,-0.52772610
1.32464404,-0.52772610
1.32497804,-0.52772610
1.32531204,-0.52772610
1.32564604,-0.52772610
1.32598004,-0.52772610
1.32631404,-0.52772610
1.32664804,-0.54542680
1.32698204,-0.54542680
1.32731604,-0.54542680
1.32765004,-0.54542680
1.32798404,-0.54542680
1.32831804,-0.54542680
1.32865204,-0.56312750
1.32898604,-0.56312750
1.32932004,-0.54542680
1.32965404,-0.58082820
1.32998804,-0.56312750
1.33032204,-0.58082820
1.33065604,-0.58082820
1.33099004,-0.56312750
1.33132404,-0.58082820
1.33165804,-0.58082820
1.33199204,-0.58082820
1.33232604,-0.58082820
1.33266004,-0.58082820
1.33299404,-0.58082820
1.33332804,-0.58082820
1.33366204,-0.58082820
1.33399604,-0.58082820
1.33433004,-0.58082820
1.33466404,-0.59852900
1.33499804,-0.59852900
1.33533204,-0.59852900
1.33566604,-0.58082820
1.33600004,-0.58082820
1.33633404,-0.59852900
1.33666804,-0.59852900
1.33700204,-0.59852900
1.33733604,-0.59852900
1.33767004,-0.59852900
1.33800404,-0.59852900
1.33833804,-0.59852900
1.33867204,-0.59852900
1.33900604,-0.61622980
1.33934004,-0.61622980
1.33967404,-0.61622980
1.34000804,-0.59852900
1.34034204,-0.59852900
1.34067604,-0.61622980
1.34101004,-0.61622980
1.34134405,-0.61622980
1.34167805,-0.61622980
1.34201205,-0.61622980
1.34234605,-0.61622980
1.34268005,-0.63393050
1.34301405,-0.63393050
1.34334805,-0.61622980
1.34368205,-0.63393050
1.34401605,-0.63393050
1.34435005,-0.63393050
1.34468405,-0.63393050
1.34501805,-0.63393050
1.34535205,-0.65157020
1.34568605,-0.63393050
1.34602005,-0.65157020
1.34635405,-0.65157020
1.34668805,-0.65157020
1.34702205,-0.65157020
1.34735605,-0.65157020
1.34769005,-0.65157020
1.34802405,-0.65157020
1.34835805,-0.65157020
1.34869205,-0.65157020
1.34902605,-0.65157020
1.34936005,-0.66927090
1.34969405,-0.65157020
1.35002805,-0.65157020
1.35036205,-0.66927090
1.35069605,-0.66927090
1.35103005,-0.65157020
1.35136405,-0.66927090
1.35169805,-0.66927090
1.35203205,-0.66927090
1.35236605,-0.66927090
1.35270005,-0.66927090
1.35303405,-0.66927090
1.35336805,-0.66927090
1.35370205,-0.68697170
1.35403605,-0.68697170
1.35437005,-0.66927090
1.35470405,-0.66927090
1.35503805,-0.68697170
1.35537205,-0.68697170
1.35570605,-0.68697170
1.35604005,-0.68697170
1.35637405,-0.68697170
1.35670805,-0.68697170
1.35704205,-0.68697170
1.35737605,-0.70467240
1.35771005,-0.68697170
1.35804405,-0.70467240
1.35837805,-0.68697170
1.35871205,-0.68697170
1.35904605,-0.70467240
1.35938005,-0.70467240
1.35971405,-0.70467240
1.36004805,-0.70467240
1.36038205,-0.70467240
1.36071605,-0.72237310
1.36105005,-0.70467240
1.36138405,-0.72237310
1.36171805,-0.72237310
1.36205205,-0.72237310
1.36238605,-0.72237310
1.36272005,-0.72237310
1.36305405,-0.72237310
1.36338805,-0.72237310
1.36372205,-0.72237310
1.36405605,-0.72237310
1.36439005,-0.72237310
1.36472405,-0.72237310
1.36505805,-0.72237310
1.36539205,-0.74007390
1.36572605,-0.72237310
1.36606005,-0.72237310
1.36639405,-0.74007390
1.36672805,-0.74007390
1.36706205,-0.74007390
1.36739605,-0.74007390
1.36773005,-0.74007390
1.36806405,-0.74007390
1.36839805,-0.74007390
1.36873205,-0.74007390
1.36906605,-0.74007390
1.36940005,-0.74007390
1.36973405,-0.74007390
1.37006805,-0.74007390
1.37040205,-0.75777460
1.37073605,-0.74007390
1.37107005,-0.75777460
1.37140405,-0.75777460
1.37173805,-0.75777460
1.37207205,-0.74007390
1.37240605,-0.75777460
1.37274005,-0.75777460
1.37307405,-0.75777460
1.37340805,-0.75777460
1.37374205,-0.75777460
1.37407605,-0.75777460
1.37441005,-0.77547530
1.37474405,-0.77547530
1.37507805,-0.75777460
1.37541205,-0.77547530
1.37574605,-0.77547530
1.37608005,-0.75777460
1.37641405,-0.77547530
1.37674805,-0.77547530
1.37708205,-0.77547530
1.37741605,-0.79317610
1.37775005,-0.77547530
1.37808405,-0.79317610
1.37841805,-0.77547530
1.37875205,-0.77547530
1.37908605,-0.77547530
1.37942005,-0.79317610
1.37975405,-0.79317610
1.38008805,-0.79317610
1.38042205,-0.79317610
1.38075605,-0.79317610
1.38109005,-0.79317610
1.38142405,-0.81087680
1.38175805,-0.79317610
1.38209205,-0.79317610
1.38242605,-0.79317610
1.38276005,-0.79317610
1.38309405,-0.79317610
1.38342805,-0.81087680
1.38376205,-0.81087680
1.38409605,-0.81087680
1.38443005,-0.81087680
1.38476405,-0.81087680
1.38509805,-0.81087680
1.38543205,-0.81087680
1.38576605,-0.81087680
1.38610005,-0.81087680
1.38643405,-0.81087680
1.38676805,-0.81087680
1.38710205,-0.81087680
1.38743605,-0.81087680
1.38777005,-0.81087680
1.38810405,-0.82857750
1.38843805,-0.82857750
1.38877205,-0.81087680
1.38910605,-0.81087680
1.38944005,-0.81087680
1.38977405,-0.82857750
1.39010805,-0.82857750
1.39044205,-0.82857750
1.39077605,-0.82857750
1.39111005,-0.82857750
1.39144405,-0.82857750
1.39177805,-0.82857750
1.39211205,-0.84627830
1.39244605,-0.84627830
1.39278005,-0.82857750
1.39311405,-0.84627830
1.39344805,-0.82857750
1.39378205,-0.82857750
1.39411605,-0.82857750
1.39445005,-0.84627830
1.39478405,-0.84627830
1.39511805,-0.84627830
1.39545205,-0.84627830
1.39578605,-0.84627830
1.39612005,-0.84627830
1.39645405,-0.84627830
1.39678805,-0.86397900
1.39712205,-0.86397900
1.39745605,-0.86397900
1.39779005,-0.84627830
1.39812405,-0.86397900
1.39845805,-0.86397900
1.39879205,-0.86397900
1.39912605,-0.86397900
1.39946005,-0.86397900
1.39979405,-0.86397900
1.40012805,-0.86397900
1.40046205,-0.86397900
1.40079605,-0.86397900
1.40113005,-0.86397900
1.40146405,-0.86397900
1.40179805,-0.86397900
1.40213205,-0.86397900
1.40246605,-0.86397900
1.40280005,-0.86397900
1.40313405,-0.86397900
1.40346805,-0.86397900
1.40380205,-0.86397900
1.40413605,-0.86397900
1.40447005,-0.88167970
1.40480405,-0.86397900
1.40513805,-0.88167970
1.40547205,-0.88167970
1.40580605,-0.86397900
1.40614005,-0.88167970
1.40647405,-0.88167970
1.40680805,-0.88167970
1.40714205,-0.88167970
1.40747605,-0.88167970
1.40781005,-0.88167970
1.40814405,-0.88167970
1.40847805,-0.88167970
1.40881205,-0.88167970
1.40914605,-0.89938040
1.40948005,-0.88167970
1.40981405,-0.88167970
1.41014805,-0.89938040
1.41048205,-0.88167970
1.41081605,-0.88167970
1.41115005,-0.88167970
1.41148405,-0.88167970
1.41181805,-0.89938040
1.41215205,-0.89938040
1.41248605,-0.89938040
1.41282005,-0.89938040
1.41315405,-0.89938040
1.41348805,-0.89938040
1.41382205,-0.89938040
1.41415605,-0.89938040
1.41449005,-0.89938040
1.41482405,-0.89938040
1.41515805,-0.89938040
1.41549205,-0.89938040
1.41582605,-0.89938040
1.41616005,-0.89938040
1.41649405,-0.89938040
1.41682805,-0.89938040
1.41716205,-0.91708120
1.41749605,-0.89938040
1.41783005,-0.91708120
1.41816405,-0.91708120
1.41849805,-0.91708120
1.41883205,-0.91708120
1.41916605,-0.91708120
1.41950005,-0.91708120
1.41983405,-0.91708120
1.42016805,-0.91708120
1.42050205,-0.91708120
1.42083605,-0.91708120
1.42117005,-0.91708120
1.42150405,-0.91708120
1.42183805,-0.93478200
1.42217205,-0.91708120
1.42250605,-0.91708120
1.42284005,-0.91708120
1.42317405,-0.91708120
1.42350805,-0.93478200
1.42384205,-0.91708120
1.42417605,-0.93478200
1.42451005,-0.93478200
1.42484405,-0.93478200
1.42517805,-0.93478200
1.42551205,-0.93478200
1.42584605,-0.93478200
1.42618005,-0.93478200
1.42651405,-0.93478200
1.42684805,-0.93478200
1.42718205,-0.93478200
1.42751605,-0.93478200
1.42785005,-0.93478200
1.42818405,-0.95248270
1.42851805,-0.93478200
1.42885205,-0.93478200
1.42918605,-0.93478200
1.42952005,-0.93478200
1.42985405,-0.93478200
1.43018805,-0.93478200
1.43052205,-0.95248270
1.43085605,-0.95248270
1.43119005,-0.93478200
1.43152405,-0.93478200
1.43185805,-0.95248270
1.43219205,-0.93478200
1.43252605,-0.95248270
1.43286005,-0.93478200
1.43319405,-0.95248270
1.43352805,-0.93478200
1.43386205,-0.95248270
1.43419605,-0.95248270
1.43453005,-0.95248270
1.43486405,-0.95248270
1.43519805,-0.95248270
1.43553205,-0.95248270
1.43586605,-0.95248270
1.43620005,-0.95248270
1.43653405,-0.95248270
1.43686805,-0.95248270
1.43720205,-0.95248270
1.43753605,-0.95248270
1.43787005,-0.95248270
1.43820405,-0.95248270
1.43853805,-0.95248270
1.43887205,-0.95248270
1.43920605,-0.95248270
1.43954005,-0.95248270
1.43987405,-0.95248270
1.44020805,-0.95248270
1.44054205,-0.95248270
1.44087605,-0.95248270
1.44121005,-0.95248270
1.44154405,-0.95248270
1.44187805,-0.95248270
1.44221205,-0.95248270
1.44254605,-0.97018340
1.44288005,-0.97018340
1.44321405,-0.97018340
1.44354805,-0.97018340
1.44388205,-0.97018340
1.44421605,-0.97018340
1.44455005,-0.97018340
1.44488405,-0.97018340
1.44521805,-0.95248270
1.44555205,-0.97018340
1.44588605,-0.95248270
1.44622005,-0.95248270
1.44655405,-0.95248270
1.44688805,-0.97018340
1.44722205,-0.98788420
1.44755605,-0.97018340
1.44789005,-0.97018340
1.44822405,-0.97018340
1.44855805,-0.97018340
1.44889205,-0.97018340
1.44922605,-0.97018340
1.44956005,-0.97018340
1.44989405,-0.97018340
1.45022805,-0.97018340
1.45056205,-0.97018340
1.45089605,-0.97018340
1.45123005,-0.97018340
1.45156405,-0.97018340
1.45189805,-0.97018340
1.45223205,-0.97018340
1.45256605,-0.97018340
1.45290005,-0.98788420
1.45323405,-0.98788420
1.45356805,-0.98788420

